 variables = "x" "rho" 
    0.00000000    1.00000000
    0.00050000    1.00000000
    0.00100000    1.00000000
    0.00150000    1.00000000
    0.00200000    1.00000000
    0.00250000    1.00000000
    0.00300000    1.00000000
    0.00350000    1.00000000
    0.00400000    1.00000000
    0.00450000    1.00000000
    0.00500000    1.00000000
    0.00550000    1.00000000
    0.00600000    1.00000000
    0.00650000    1.00000000
    0.00700000    1.00000000
    0.00750000    1.00000000
    0.00800000    1.00000000
    0.00850000    1.00000000
    0.00900000    1.00000000
    0.00950000    1.00000000
    0.01000000    1.00000000
    0.01050000    1.00000000
    0.01100000    1.00000000
    0.01150000    1.00000000
    0.01200000    1.00000000
    0.01250000    1.00000000
    0.01300000    1.00000000
    0.01350000    1.00000000
    0.01400000    1.00000000
    0.01450000    1.00000000
    0.01500000    1.00000000
    0.01550000    1.00000000
    0.01600000    1.00000000
    0.01650000    1.00000000
    0.01700000    1.00000000
    0.01750000    1.00000000
    0.01800000    1.00000000
    0.01850000    1.00000000
    0.01900000    1.00000000
    0.01950000    1.00000000
    0.02000000    1.00000000
    0.02050000    1.00000000
    0.02100000    1.00000000
    0.02150000    1.00000000
    0.02200000    1.00000000
    0.02250000    1.00000000
    0.02300000    1.00000000
    0.02350000    1.00000000
    0.02400000    1.00000000
    0.02450000    1.00000000
    0.02500000    1.00000000
    0.02550000    1.00000000
    0.02600000    1.00000000
    0.02650000    1.00000000
    0.02700000    1.00000000
    0.02750000    1.00000000
    0.02800000    1.00000000
    0.02850000    1.00000000
    0.02900000    1.00000000
    0.02950000    1.00000000
    0.03000000    1.00000000
    0.03050000    1.00000000
    0.03100000    1.00000000
    0.03150000    1.00000000
    0.03200000    1.00000000
    0.03250000    1.00000000
    0.03300000    1.00000000
    0.03350000    1.00000000
    0.03400000    1.00000000
    0.03450000    1.00000000
    0.03500000    1.00000000
    0.03550000    1.00000000
    0.03600000    1.00000000
    0.03650000    1.00000000
    0.03700000    1.00000000
    0.03750000    1.00000000
    0.03800000    1.00000000
    0.03850000    1.00000000
    0.03900000    1.00000000
    0.03950000    1.00000000
    0.04000000    1.00000000
    0.04050000    1.00000000
    0.04100000    1.00000000
    0.04150000    1.00000000
    0.04200000    1.00000000
    0.04250000    1.00000000
    0.04300000    1.00000000
    0.04350000    1.00000000
    0.04400000    1.00000000
    0.04450000    1.00000000
    0.04500000    1.00000000
    0.04550000    1.00000000
    0.04600000    1.00000000
    0.04650000    1.00000000
    0.04700000    1.00000000
    0.04750000    1.00000000
    0.04800000    1.00000000
    0.04850000    1.00000000
    0.04900000    1.00000000
    0.04950000    1.00000000
    0.05000000    1.00000000
    0.05050000    1.00000000
    0.05100000    1.00000000
    0.05150000    1.00000000
    0.05200000    1.00000000
    0.05250000    1.00000000
    0.05300000    1.00000000
    0.05350000    1.00000000
    0.05400000    1.00000000
    0.05450000    1.00000000
    0.05500000    1.00000000
    0.05550000    1.00000000
    0.05600000    1.00000000
    0.05650000    1.00000000
    0.05700000    1.00000000
    0.05750000    1.00000000
    0.05800000    1.00000000
    0.05850000    1.00000000
    0.05900000    1.00000000
    0.05950000    1.00000000
    0.06000000    1.00000000
    0.06050000    1.00000000
    0.06100000    1.00000000
    0.06150000    1.00000000
    0.06200000    1.00000000
    0.06250000    1.00000000
    0.06300000    1.00000000
    0.06350000    1.00000000
    0.06400000    1.00000000
    0.06450000    1.00000000
    0.06500000    1.00000000
    0.06550000    1.00000000
    0.06600000    1.00000000
    0.06650000    1.00000000
    0.06700000    1.00000000
    0.06750000    1.00000000
    0.06800000    1.00000000
    0.06850000    1.00000000
    0.06900000    1.00000000
    0.06950000    1.00000000
    0.07000000    1.00000000
    0.07050000    1.00000000
    0.07100000    1.00000000
    0.07150000    1.00000000
    0.07200000    1.00000000
    0.07250000    1.00000000
    0.07300000    1.00000000
    0.07350000    1.00000000
    0.07400000    1.00000000
    0.07450000    1.00000000
    0.07500000    1.00000000
    0.07550000    1.00000000
    0.07600000    1.00000000
    0.07650000    1.00000000
    0.07700000    1.00000000
    0.07750000    1.00000000
    0.07800000    1.00000000
    0.07850000    1.00000000
    0.07900000    1.00000000
    0.07950000    1.00000000
    0.08000000    1.00000000
    0.08050000    1.00000000
    0.08100000    1.00000000
    0.08150000    1.00000000
    0.08200000    1.00000000
    0.08250000    1.00000000
    0.08300000    1.00000000
    0.08350000    1.00000000
    0.08400000    1.00000000
    0.08450000    1.00000000
    0.08500000    1.00000000
    0.08550000    1.00000000
    0.08600000    1.00000000
    0.08650000    1.00000000
    0.08700000    1.00000000
    0.08750000    1.00000000
    0.08800000    1.00000000
    0.08850000    1.00000000
    0.08900000    1.00000000
    0.08950000    1.00000000
    0.09000000    1.00000000
    0.09050000    1.00000000
    0.09100000    1.00000000
    0.09150000    1.00000000
    0.09200000    1.00000000
    0.09250000    1.00000000
    0.09300000    1.00000000
    0.09350000    1.00000000
    0.09400000    1.00000000
    0.09450000    1.00000000
    0.09500000    1.00000000
    0.09550000    1.00000000
    0.09600000    1.00000000
    0.09650000    1.00000000
    0.09700000    1.00000000
    0.09750000    1.00000000
    0.09800000    1.00000000
    0.09850000    1.00000000
    0.09900000    1.00000000
    0.09950000    1.00000000
    0.10000000    1.00000000
    0.10050000    1.00000000
    0.10100000    1.00000000
    0.10150000    1.00000000
    0.10200000    1.00000000
    0.10250000    1.00000000
    0.10300000    1.00000000
    0.10350000    1.00000000
    0.10400000    1.00000000
    0.10450000    1.00000000
    0.10500000    1.00000000
    0.10550000    1.00000000
    0.10600000    1.00000000
    0.10650000    1.00000000
    0.10700000    1.00000000
    0.10750000    1.00000000
    0.10800000    1.00000000
    0.10850000    1.00000000
    0.10900000    1.00000000
    0.10950000    1.00000000
    0.11000000    1.00000000
    0.11050000    1.00000000
    0.11100000    1.00000000
    0.11150000    1.00000000
    0.11200000    1.00000000
    0.11250000    1.00000000
    0.11300000    1.00000000
    0.11350000    1.00000000
    0.11400000    1.00000000
    0.11450000    1.00000000
    0.11500000    1.00000000
    0.11550000    1.00000000
    0.11600000    1.00000000
    0.11650000    1.00000000
    0.11700000    1.00000000
    0.11750000    1.00000000
    0.11800000    1.00000000
    0.11850000    1.00000000
    0.11900000    1.00000000
    0.11950000    1.00000000
    0.12000000    1.00000000
    0.12050000    1.00000000
    0.12100000    1.00000000
    0.12150000    1.00000000
    0.12200000    1.00000000
    0.12250000    1.00000000
    0.12300000    1.00000000
    0.12350000    1.00000000
    0.12400000    1.00000000
    0.12450000    1.00000000
    0.12500000    1.00000000
    0.12550000    1.00000000
    0.12600000    1.00000000
    0.12650000    1.00000000
    0.12700000    1.00000000
    0.12750000    1.00000000
    0.12800000    1.00000000
    0.12850000    1.00000000
    0.12900000    1.00000000
    0.12950000    1.00000000
    0.13000000    1.00000000
    0.13050000    1.00000000
    0.13100000    1.00000000
    0.13150000    1.00000000
    0.13200000    1.00000000
    0.13250000    1.00000000
    0.13300000    1.00000000
    0.13350000    1.00000000
    0.13400000    1.00000000
    0.13450000    1.00000000
    0.13500000    1.00000000
    0.13550000    1.00000000
    0.13600000    1.00000000
    0.13650000    1.00000000
    0.13700000    1.00000000
    0.13750000    1.00000000
    0.13800000    1.00000000
    0.13850000    1.00000000
    0.13900000    1.00000000
    0.13950000    1.00000000
    0.14000000    1.00000000
    0.14050000    1.00000000
    0.14100000    1.00000000
    0.14150000    1.00000000
    0.14200000    1.00000000
    0.14250000    1.00000000
    0.14300000    1.00000000
    0.14350000    1.00000000
    0.14400000    1.00000000
    0.14450000    1.00000000
    0.14500000    1.00000000
    0.14550000    1.00000000
    0.14600000    1.00000000
    0.14650000    1.00000000
    0.14700000    1.00000000
    0.14750000    1.00000000
    0.14800000    1.00000000
    0.14850000    1.00000000
    0.14900000    1.00000000
    0.14950000    1.00000000
    0.15000000    1.00000000
    0.15050000    1.00000000
    0.15100000    1.00000000
    0.15150000    1.00000000
    0.15200000    1.00000000
    0.15250000    1.00000000
    0.15300000    1.00000000
    0.15350000    1.00000000
    0.15400000    1.00000000
    0.15450000    1.00000000
    0.15500000    1.00000000
    0.15550000    1.00000000
    0.15600000    1.00000000
    0.15650000    1.00000000
    0.15700000    1.00000000
    0.15750000    1.00000000
    0.15800000    1.00000000
    0.15850000    1.00000000
    0.15900000    1.00000000
    0.15950000    1.00000000
    0.16000000    1.00000000
    0.16050000    1.00000000
    0.16100000    1.00000000
    0.16150000    1.00000000
    0.16200000    1.00000000
    0.16250000    1.00000000
    0.16300000    1.00000000
    0.16350000    1.00000000
    0.16400000    1.00000000
    0.16450000    1.00000000
    0.16500000    1.00000000
    0.16550000    1.00000000
    0.16600000    1.00000000
    0.16650000    1.00000000
    0.16700000    1.00000000
    0.16750000    1.00000000
    0.16800000    1.00000000
    0.16850000    1.00000000
    0.16900000    1.00000000
    0.16950000    1.00000000
    0.17000000    1.00000000
    0.17050000    1.00000000
    0.17100000    1.00000000
    0.17150000    1.00000000
    0.17200000    1.00000000
    0.17250000    1.00000000
    0.17300000    1.00000000
    0.17350000    1.00000000
    0.17400000    1.00000000
    0.17450000    1.00000000
    0.17500000    1.00000000
    0.17550000    1.00000000
    0.17600000    1.00000000
    0.17650000    1.00000000
    0.17700000    1.00000000
    0.17750000    1.00000000
    0.17800000    1.00000000
    0.17850000    1.00000000
    0.17900000    1.00000000
    0.17950000    1.00000000
    0.18000000    1.00000000
    0.18050000    1.00000000
    0.18100000    1.00000000
    0.18150000    1.00000000
    0.18200000    1.00000000
    0.18250000    1.00000000
    0.18300000    1.00000000
    0.18350000    1.00000000
    0.18400000    1.00000000
    0.18450000    1.00000000
    0.18500000    1.00000000
    0.18550000    1.00000000
    0.18600000    1.00000000
    0.18650000    1.00000000
    0.18700000    1.00000000
    0.18750000    1.00000000
    0.18800000    1.00000000
    0.18850000    1.00000000
    0.18900000    1.00000000
    0.18950000    1.00000000
    0.19000000    1.00000000
    0.19050000    1.00000000
    0.19100000    1.00000000
    0.19150000    1.00000000
    0.19200000    1.00000000
    0.19250000    1.00000000
    0.19300000    1.00000000
    0.19350000    1.00000000
    0.19400000    1.00000000
    0.19450000    1.00000000
    0.19500000    1.00000000
    0.19550000    1.00000000
    0.19600000    1.00000000
    0.19650000    1.00000000
    0.19700000    1.00000000
    0.19750000    1.00000000
    0.19800000    1.00000000
    0.19850000    1.00000000
    0.19900000    1.00000000
    0.19950000    1.00000000
    0.20000000    1.00000000
    0.20050000    1.00000000
    0.20100000    1.00000000
    0.20150000    1.00000000
    0.20200000    1.00000000
    0.20250000    1.00000000
    0.20300000    1.00000000
    0.20350000    1.00000000
    0.20400000    1.00000000
    0.20450000    1.00000000
    0.20500000    1.00000000
    0.20550000    1.00000000
    0.20600000    1.00000000
    0.20650000    1.00000000
    0.20700000    1.00000000
    0.20750000    1.00000000
    0.20800000    1.00000000
    0.20850000    1.00000000
    0.20900000    1.00000000
    0.20950000    1.00000000
    0.21000000    1.00000000
    0.21050000    1.00000000
    0.21100000    1.00000000
    0.21150000    1.00000000
    0.21200000    1.00000000
    0.21250000    1.00000000
    0.21300000    1.00000000
    0.21350000    1.00000000
    0.21400000    1.00000000
    0.21450000    1.00000000
    0.21500000    1.00000000
    0.21550000    1.00000000
    0.21600000    1.00000000
    0.21650000    1.00000000
    0.21700000    1.00000000
    0.21750000    1.00000000
    0.21800000    1.00000000
    0.21850000    1.00000000
    0.21900000    1.00000000
    0.21950000    1.00000000
    0.22000000    1.00000000
    0.22050000    1.00000000
    0.22100000    1.00000000
    0.22150000    1.00000000
    0.22200000    1.00000000
    0.22250000    1.00000000
    0.22300000    1.00000000
    0.22350000    1.00000000
    0.22400000    1.00000000
    0.22450000    1.00000000
    0.22500000    1.00000000
    0.22550000    1.00000000
    0.22600000    1.00000000
    0.22650000    1.00000000
    0.22700000    1.00000000
    0.22750000    1.00000000
    0.22800000    1.00000000
    0.22850000    1.00000000
    0.22900000    1.00000000
    0.22950000    1.00000000
    0.23000000    1.00000000
    0.23050000    1.00000000
    0.23100000    1.00000000
    0.23150000    1.00000000
    0.23200000    1.00000000
    0.23250000    1.00000000
    0.23300000    1.00000000
    0.23350000    1.00000000
    0.23400000    1.00000000
    0.23450000    1.00000000
    0.23500000    1.00000000
    0.23550000    1.00000000
    0.23600000    1.00000000
    0.23650000    1.00000000
    0.23700000    1.00000000
    0.23750000    1.00000000
    0.23800000    1.00000000
    0.23850000    1.00000000
    0.23900000    1.00000000
    0.23950000    1.00000000
    0.24000000    1.00000000
    0.24050000    1.00000000
    0.24100000    1.00000000
    0.24150000    1.00000000
    0.24200000    1.00000000
    0.24250000    1.00000000
    0.24300000    1.00000000
    0.24350000    1.00000000
    0.24400000    1.00000000
    0.24450000    1.00000000
    0.24500000    1.00000000
    0.24550000    1.00000000
    0.24600000    1.00000000
    0.24650000    1.00000000
    0.24700000    1.00000000
    0.24750000    1.00000000
    0.24800000    1.00000000
    0.24850000    1.00000000
    0.24900000    1.00000000
    0.24950000    1.00000000
    0.25000000    1.00000000
    0.25050000    1.00000000
    0.25100000    1.00000000
    0.25150000    1.00000000
    0.25200000    1.00000000
    0.25250000    1.00000000
    0.25300000    1.00000000
    0.25350000    1.00000000
    0.25400000    1.00000000
    0.25450000    1.00000000
    0.25500000    1.00000000
    0.25550000    1.00000000
    0.25600000    1.00000000
    0.25650000    1.00000000
    0.25700000    1.00000000
    0.25750000    1.00000000
    0.25800000    1.00000000
    0.25850000    1.00000000
    0.25900000    1.00000000
    0.25950000    1.00000000
    0.26000000    1.00000000
    0.26050000    1.00000000
    0.26100000    1.00000000
    0.26150000    1.00000000
    0.26200000    1.00000000
    0.26250000    1.00000000
    0.26300000    1.00000000
    0.26350000    1.00000000
    0.26400000    1.00000000
    0.26450000    1.00000000
    0.26500000    1.00000000
    0.26550000    1.00000000
    0.26600000    1.00000000
    0.26650000    1.00000000
    0.26700000    1.00000000
    0.26750000    1.00000000
    0.26800000    1.00000000
    0.26850000    1.00000000
    0.26900000    1.00000000
    0.26950000    1.00000000
    0.27000000    1.00000000
    0.27050000    1.00000000
    0.27100000    1.00000000
    0.27150000    1.00000000
    0.27200000    1.00000000
    0.27250000    1.00000000
    0.27300000    1.00000000
    0.27350000    1.00000000
    0.27400000    1.00000000
    0.27450000    1.00000000
    0.27500000    1.00000000
    0.27550000    1.00000000
    0.27600000    1.00000000
    0.27650000    1.00000000
    0.27700000    1.00000000
    0.27750000    1.00000000
    0.27800000    1.00000000
    0.27850000    1.00000000
    0.27900000    1.00000000
    0.27950000    1.00000000
    0.28000000    1.00000000
    0.28050000    1.00000000
    0.28100000    1.00000000
    0.28150000    1.00000000
    0.28200000    1.00000000
    0.28250000    1.00000000
    0.28300000    1.00000000
    0.28350000    1.00000000
    0.28400000    1.00000000
    0.28450000    1.00000000
    0.28500000    1.00000000
    0.28550000    1.00000000
    0.28600000    1.00000000
    0.28650000    1.00000000
    0.28700000    1.00000000
    0.28750000    1.00000000
    0.28800000    1.00000000
    0.28850000    1.00000000
    0.28900000    1.00000000
    0.28950000    1.00000000
    0.29000000    1.00000000
    0.29050000    1.00000000
    0.29100000    1.00000000
    0.29150000    1.00000000
    0.29200000    1.00000000
    0.29250000    1.00000000
    0.29300000    1.00000000
    0.29350000    1.00000000
    0.29400000    1.00000000
    0.29450000    1.00000000
    0.29500000    1.00000000
    0.29550000    1.00000000
    0.29600000    1.00000000
    0.29650000    1.00000000
    0.29700000    1.00000000
    0.29750000    1.00000000
    0.29800000    1.00000000
    0.29850000    1.00000000
    0.29900000    1.00000000
    0.29950000    1.00000000
    0.30000000    1.00000000
    0.30050000    1.00000000
    0.30100000    1.00000000
    0.30150000    1.00000000
    0.30200000    1.00000000
    0.30250000    1.00000000
    0.30300000    1.00000000
    0.30350000    1.00000000
    0.30400000    1.00000000
    0.30450000    1.00000000
    0.30500000    1.00000000
    0.30550000    1.00000000
    0.30600000    1.00000000
    0.30650000    1.00000000
    0.30700000    1.00000000
    0.30750000    1.00000000
    0.30800000    1.00000000
    0.30850000    1.00000000
    0.30900000    1.00000000
    0.30950000    1.00000000
    0.31000000    1.00000000
    0.31050000    1.00000000
    0.31100000    1.00000000
    0.31150000    1.00000000
    0.31200000    1.00000000
    0.31250000    1.00000000
    0.31300000    1.00000000
    0.31350000    1.00000000
    0.31400000    1.00000000
    0.31450000    1.00000000
    0.31500000    1.00000000
    0.31550000    1.00000000
    0.31600000    1.00000000
    0.31650000    1.00000000
    0.31700000    1.00000000
    0.31750000    1.00000000
    0.31800000    1.00000000
    0.31850000    1.00000000
    0.31900000    1.00000000
    0.31950000    1.00000000
    0.32000000    1.00000000
    0.32050000    1.00000000
    0.32100000    1.00000000
    0.32150000    1.00000000
    0.32200000    1.00000000
    0.32250000    1.00000000
    0.32300000    1.00000000
    0.32350000    1.00000000
    0.32400000    1.00000000
    0.32450000    1.00000000
    0.32500000    1.00000000
    0.32550000    1.00000000
    0.32600000    1.00000000
    0.32650000    1.00000000
    0.32700000    1.00000000
    0.32750000    1.00000000
    0.32800000    1.00000000
    0.32850000    1.00000000
    0.32900000    1.00000000
    0.32950000    1.00000000
    0.33000000    1.00000000
    0.33050000    1.00000000
    0.33100000    1.00000000
    0.33150000    1.00000000
    0.33200000    1.00000000
    0.33250000    1.00000000
    0.33300000    1.00000000
    0.33350000    1.00000000
    0.33400000    1.00000000
    0.33450000    1.00000000
    0.33500000    1.00000000
    0.33550000    1.00000000
    0.33600000    1.00000000
    0.33650000    1.00000000
    0.33700000    1.00000000
    0.33750000    1.00000000
    0.33800000    1.00000000
    0.33850000    1.00000000
    0.33900000    1.00000000
    0.33950000    1.00000000
    0.34000000    1.00000000
    0.34050000    1.00000000
    0.34100000    1.00000000
    0.34150000    1.00000000
    0.34200000    1.00000000
    0.34250000    1.00000000
    0.34300000    1.00000000
    0.34350000    1.00000000
    0.34400000    1.00000000
    0.34450000    1.00000000
    0.34500000    1.00000000
    0.34550000    1.00000000
    0.34600000    1.00000000
    0.34650000    1.00000000
    0.34700000    1.00000000
    0.34750000    1.00000000
    0.34800000    1.00000000
    0.34850000    1.00000000
    0.34900000    1.00000000
    0.34950000    1.00000000
    0.35000000    1.00000000
    0.35050000    1.00000000
    0.35100000    1.00000000
    0.35150000    1.00000000
    0.35200000    1.00000000
    0.35250000    1.00000000
    0.35300000    1.00000000
    0.35350000    1.00000000
    0.35400000    1.00000000
    0.35450000    1.00000000
    0.35500000    1.00000000
    0.35550000    1.00000000
    0.35600000    1.00000000
    0.35650000    1.00000000
    0.35700000    1.00000000
    0.35750000    1.00000000
    0.35800000    1.00000000
    0.35850000    1.00000000
    0.35900000    1.00000000
    0.35950000    1.00000000
    0.36000000    1.00000000
    0.36050000    1.00000000
    0.36100000    1.00000000
    0.36150000    1.00000000
    0.36200000    1.00000000
    0.36250000    1.00000000
    0.36300000    1.00000000
    0.36350000    1.00000000
    0.36400000    1.00000000
    0.36450000    1.00000000
    0.36500000    1.00000000
    0.36550000    1.00000000
    0.36600000    1.00000000
    0.36650000    1.00000000
    0.36700000    1.00000000
    0.36750000    1.00000000
    0.36800000    1.00000000
    0.36850000    1.00000000
    0.36900000    1.00000000
    0.36950000    1.00000000
    0.37000000    1.00000000
    0.37050000    1.00000000
    0.37100000    1.00000000
    0.37150000    1.00000000
    0.37200000    1.00000000
    0.37250000    1.00000000
    0.37300000    1.00000000
    0.37350000    1.00000000
    0.37400000    1.00000000
    0.37450000    1.00000000
    0.37500000    1.00000000
    0.37550000    1.00000000
    0.37600000    1.00000000
    0.37650000    1.00000000
    0.37700000    1.00000000
    0.37750000    1.00000000
    0.37800000    1.00000000
    0.37850000    1.00000000
    0.37900000    1.00000000
    0.37950000    1.00000000
    0.38000000    1.00000000
    0.38050000    1.00000000
    0.38100000    1.00000000
    0.38150000    1.00000000
    0.38200000    1.00000000
    0.38250000    1.00000000
    0.38300000    1.00000000
    0.38350000    1.00000000
    0.38400000    1.00000000
    0.38450000    1.00000000
    0.38500000    1.00000000
    0.38550000    1.00000000
    0.38600000    1.00000000
    0.38650000    1.00000000
    0.38700000    1.00000000
    0.38750000    1.00000000
    0.38800000    1.00000000
    0.38850000    1.00000000
    0.38900000    1.00000000
    0.38950000    1.00000000
    0.39000000    1.00000000
    0.39050000    1.00000000
    0.39100000    1.00000000
    0.39150000    1.00000000
    0.39200000    1.00000000
    0.39250000    1.00000000
    0.39300000    1.00000000
    0.39350000    1.00000000
    0.39400000    1.00000000
    0.39450000    1.00000000
    0.39500000    1.00000000
    0.39550000    1.00000000
    0.39600000    1.00000000
    0.39650000    1.00000000
    0.39700000    1.00000000
    0.39750000    1.00000000
    0.39800000    1.00000000
    0.39850000    1.00000000
    0.39900000    1.00000000
    0.39950000    1.00000000
    0.40000000    1.00000000
    0.40050000    1.00000000
    0.40100000    1.00000000
    0.40150000    1.00000000
    0.40200000    1.00000000
    0.40250000    1.00000000
    0.40300000    1.00000000
    0.40350000    1.00000000
    0.40400000    1.00000000
    0.40450000    1.00000000
    0.40500000    1.00000000
    0.40550000    1.00000000
    0.40600000    1.00000000
    0.40650000    1.00000000
    0.40700000    1.00000000
    0.40750000    1.00000000
    0.40800000    1.00000000
    0.40850000    1.00000000
    0.40900000    1.00000000
    0.40950000    1.00000000
    0.41000000    1.00000000
    0.41050000    1.00000000
    0.41100000    1.00000000
    0.41150000    1.00000000
    0.41200000    1.00000000
    0.41250000    1.00000000
    0.41300000    1.00000000
    0.41350000    1.00000000
    0.41400000    1.00000000
    0.41450000    1.00000000
    0.41500000    1.00000000
    0.41550000    1.00000000
    0.41600000    1.00000000
    0.41650000    1.00000000
    0.41700000    1.00000000
    0.41750000    1.00000000
    0.41800000    1.00000000
    0.41850000    1.00000000
    0.41900000    1.00000000
    0.41950000    1.00000000
    0.42000000    1.00000000
    0.42050000    1.00000000
    0.42100000    1.00000000
    0.42150000    1.00000000
    0.42200000    1.00000000
    0.42250000    1.00000000
    0.42300000    1.00000000
    0.42350000    1.00000000
    0.42400000    1.00000000
    0.42450000    1.00000000
    0.42500000    1.00000000
    0.42550000    1.00000000
    0.42600000    1.00000000
    0.42650000    1.00000000
    0.42700000    1.00000000
    0.42750000    1.00000000
    0.42800000    1.00000000
    0.42850000    1.00000000
    0.42900000    1.00000000
    0.42950000    1.00000000
    0.43000000    1.00000000
    0.43050000    1.00000000
    0.43100000    1.00000000
    0.43150000    1.00000000
    0.43200000    1.00000000
    0.43250000    1.00000000
    0.43300000    1.00000000
    0.43350000    1.00000000
    0.43400000    1.00000000
    0.43450000    1.00000000
    0.43500000    1.00000000
    0.43550000    1.00000000
    0.43600000    1.00000000
    0.43650000    1.00000000
    0.43700000    1.00000000
    0.43750000    1.00000000
    0.43800000    1.00000000
    0.43850000    1.00000000
    0.43900000    1.00000000
    0.43950000    1.00000000
    0.44000000    1.00000000
    0.44050000    1.00000000
    0.44100000    1.00000000
    0.44150000    1.00000000
    0.44200000    1.00000000
    0.44250000    1.00000000
    0.44300000    1.00000000
    0.44350000    1.00000000
    0.44400000    1.00000000
    0.44450000    1.00000000
    0.44500000    1.00000000
    0.44550000    1.00000000
    0.44600000    1.00000000
    0.44650000    1.00000000
    0.44700000    1.00000000
    0.44750000    1.00000000
    0.44800000    1.00000000
    0.44850000    1.00000000
    0.44900000    1.00000000
    0.44950000    1.00000000
    0.45000000    1.00000000
    0.45050000    1.00000000
    0.45100000    1.00000000
    0.45150000    1.00000000
    0.45200000    1.00000000
    0.45250000    1.00000000
    0.45300000    1.00000000
    0.45350000    1.00000000
    0.45400000    1.00000000
    0.45450000    1.00000000
    0.45500000    1.00000000
    0.45550000    1.00000000
    0.45600000    1.00000000
    0.45650000    1.00000000
    0.45700000    1.00000000
    0.45750000    1.00000000
    0.45800000    1.00000000
    0.45850000    1.00000000
    0.45900000    1.00000000
    0.45950000    1.00000000
    0.46000000    1.00000000
    0.46050000    1.00000000
    0.46100000    1.00000000
    0.46150000    1.00000000
    0.46200000    1.00000000
    0.46250000    1.00000000
    0.46300000    1.00000000
    0.46350000    1.00000000
    0.46400000    1.00000000
    0.46450000    1.00000000
    0.46500000    1.00000000
    0.46550000    1.00000000
    0.46600000    1.00000000
    0.46650000    1.00000000
    0.46700000    1.00000000
    0.46750000    1.00000000
    0.46800000    1.00000000
    0.46850000    1.00000000
    0.46900000    1.00000000
    0.46950000    1.00000000
    0.47000000    1.00000000
    0.47050000    1.00000000
    0.47100000    1.00000000
    0.47150000    1.00000000
    0.47200000    1.00000000
    0.47250000    1.00000000
    0.47300000    1.00000000
    0.47350000    1.00000000
    0.47400000    1.00000000
    0.47450000    1.00000000
    0.47500000    1.00000000
    0.47550000    1.00000000
    0.47600000    1.00000000
    0.47650000    1.00000000
    0.47700000    1.00000000
    0.47750000    1.00000000
    0.47800000    1.00000000
    0.47850000    1.00000000
    0.47900000    1.00000000
    0.47950000    1.00000000
    0.48000000    1.00000000
    0.48050000    1.00000000
    0.48100000    1.00000000
    0.48150000    1.00000000
    0.48200000    1.00000000
    0.48250000    1.00000000
    0.48300000    1.00000000
    0.48350000    1.00000000
    0.48400000    1.00000000
    0.48450000    1.00000000
    0.48500000    1.00000000
    0.48550000    1.00000000
    0.48600000    1.00000000
    0.48650000    1.00000000
    0.48700000    1.00000000
    0.48750000    1.00000000
    0.48800000    1.00000000
    0.48850000    1.00000000
    0.48900000    1.00000000
    0.48950000    1.00000000
    0.49000000    1.00000000
    0.49050000    1.00000000
    0.49100000    1.00000000
    0.49150000    1.00000000
    0.49200000    1.00000000
    0.49250000    1.00000000
    0.49300000    1.00000000
    0.49350000    1.00000000
    0.49400000    1.00000000
    0.49450000    1.00000000
    0.49500000    1.00000000
    0.49550000    1.00000000
    0.49600000    1.00000000
    0.49650000    1.00000000
    0.49700000    1.00000000
    0.49750000    1.00000000
    0.49800000    1.00000000
    0.49850000    1.00000000
    0.49900000    1.00000000
    0.49950000    1.00000000
    0.50000000    1.00000000
    0.50050000    0.12500000
    0.50100000    0.12500000
    0.50150000    0.12500000
    0.50200000    0.12500000
    0.50250000    0.12500000
    0.50300000    0.12500000
    0.50350000    0.12500000
    0.50400000    0.12500000
    0.50450000    0.12500000
    0.50500000    0.12500000
    0.50550000    0.12500000
    0.50600000    0.12500000
    0.50650000    0.12500000
    0.50700000    0.12500000
    0.50750000    0.12500000
    0.50800000    0.12500000
    0.50850000    0.12500000
    0.50900000    0.12500000
    0.50950000    0.12500000
    0.51000000    0.12500000
    0.51050000    0.12500000
    0.51100000    0.12500000
    0.51150000    0.12500000
    0.51200000    0.12500000
    0.51250000    0.12500000
    0.51300000    0.12500000
    0.51350000    0.12500000
    0.51400000    0.12500000
    0.51450000    0.12500000
    0.51500000    0.12500000
    0.51550000    0.12500000
    0.51600000    0.12500000
    0.51650000    0.12500000
    0.51700000    0.12500000
    0.51750000    0.12500000
    0.51800000    0.12500000
    0.51850000    0.12500000
    0.51900000    0.12500000
    0.51950000    0.12500000
    0.52000000    0.12500000
    0.52050000    0.12500000
    0.52100000    0.12500000
    0.52150000    0.12500000
    0.52200000    0.12500000
    0.52250000    0.12500000
    0.52300000    0.12500000
    0.52350000    0.12500000
    0.52400000    0.12500000
    0.52450000    0.12500000
    0.52500000    0.12500000
    0.52550000    0.12500000
    0.52600000    0.12500000
    0.52650000    0.12500000
    0.52700000    0.12500000
    0.52750000    0.12500000
    0.52800000    0.12500000
    0.52850000    0.12500000
    0.52900000    0.12500000
    0.52950000    0.12500000
    0.53000000    0.12500000
    0.53050000    0.12500000
    0.53100000    0.12500000
    0.53150000    0.12500000
    0.53200000    0.12500000
    0.53250000    0.12500000
    0.53300000    0.12500000
    0.53350000    0.12500000
    0.53400000    0.12500000
    0.53450000    0.12500000
    0.53500000    0.12500000
    0.53550000    0.12500000
    0.53600000    0.12500000
    0.53650000    0.12500000
    0.53700000    0.12500000
    0.53750000    0.12500000
    0.53800000    0.12500000
    0.53850000    0.12500000
    0.53900000    0.12500000
    0.53950000    0.12500000
    0.54000000    0.12500000
    0.54050000    0.12500000
    0.54100000    0.12500000
    0.54150000    0.12500000
    0.54200000    0.12500000
    0.54250000    0.12500000
    0.54300000    0.12500000
    0.54350000    0.12500000
    0.54400000    0.12500000
    0.54450000    0.12500000
    0.54500000    0.12500000
    0.54550000    0.12500000
    0.54600000    0.12500000
    0.54650000    0.12500000
    0.54700000    0.12500000
    0.54750000    0.12500000
    0.54800000    0.12500000
    0.54850000    0.12500000
    0.54900000    0.12500000
    0.54950000    0.12500000
    0.55000000    0.12500000
    0.55050000    0.12500000
    0.55100000    0.12500000
    0.55150000    0.12500000
    0.55200000    0.12500000
    0.55250000    0.12500000
    0.55300000    0.12500000
    0.55350000    0.12500000
    0.55400000    0.12500000
    0.55450000    0.12500000
    0.55500000    0.12500000
    0.55550000    0.12500000
    0.55600000    0.12500000
    0.55650000    0.12500000
    0.55700000    0.12500000
    0.55750000    0.12500000
    0.55800000    0.12500000
    0.55850000    0.12500000
    0.55900000    0.12500000
    0.55950000    0.12500000
    0.56000000    0.12500000
    0.56050000    0.12500000
    0.56100000    0.12500000
    0.56150000    0.12500000
    0.56200000    0.12500000
    0.56250000    0.12500000
    0.56300000    0.12500000
    0.56350000    0.12500000
    0.56400000    0.12500000
    0.56450000    0.12500000
    0.56500000    0.12500000
    0.56550000    0.12500000
    0.56600000    0.12500000
    0.56650000    0.12500000
    0.56700000    0.12500000
    0.56750000    0.12500000
    0.56800000    0.12500000
    0.56850000    0.12500000
    0.56900000    0.12500000
    0.56950000    0.12500000
    0.57000000    0.12500000
    0.57050000    0.12500000
    0.57100000    0.12500000
    0.57150000    0.12500000
    0.57200000    0.12500000
    0.57250000    0.12500000
    0.57300000    0.12500000
    0.57350000    0.12500000
    0.57400000    0.12500000
    0.57450000    0.12500000
    0.57500000    0.12500000
    0.57550000    0.12500000
    0.57600000    0.12500000
    0.57650000    0.12500000
    0.57700000    0.12500000
    0.57750000    0.12500000
    0.57800000    0.12500000
    0.57850000    0.12500000
    0.57900000    0.12500000
    0.57950000    0.12500000
    0.58000000    0.12500000
    0.58050000    0.12500000
    0.58100000    0.12500000
    0.58150000    0.12500000
    0.58200000    0.12500000
    0.58250000    0.12500000
    0.58300000    0.12500000
    0.58350000    0.12500000
    0.58400000    0.12500000
    0.58450000    0.12500000
    0.58500000    0.12500000
    0.58550000    0.12500000
    0.58600000    0.12500000
    0.58650000    0.12500000
    0.58700000    0.12500000
    0.58750000    0.12500000
    0.58800000    0.12500000
    0.58850000    0.12500000
    0.58900000    0.12500000
    0.58950000    0.12500000
    0.59000000    0.12500000
    0.59050000    0.12500000
    0.59100000    0.12500000
    0.59150000    0.12500000
    0.59200000    0.12500000
    0.59250000    0.12500000
    0.59300000    0.12500000
    0.59350000    0.12500000
    0.59400000    0.12500000
    0.59450000    0.12500000
    0.59500000    0.12500000
    0.59550000    0.12500000
    0.59600000    0.12500000
    0.59650000    0.12500000
    0.59700000    0.12500000
    0.59750000    0.12500000
    0.59800000    0.12500000
    0.59850000    0.12500000
    0.59900000    0.12500000
    0.59950000    0.12500000
    0.60000000    0.12500000
    0.60050000    0.12500000
    0.60100000    0.12500000
    0.60150000    0.12500000
    0.60200000    0.12500000
    0.60250000    0.12500000
    0.60300000    0.12500000
    0.60350000    0.12500000
    0.60400000    0.12500000
    0.60450000    0.12500000
    0.60500000    0.12500000
    0.60550000    0.12500000
    0.60600000    0.12500000
    0.60650000    0.12500000
    0.60700000    0.12500000
    0.60750000    0.12500000
    0.60800000    0.12500000
    0.60850000    0.12500000
    0.60900000    0.12500000
    0.60950000    0.12500000
    0.61000000    0.12500000
    0.61050000    0.12500000
    0.61100000    0.12500000
    0.61150000    0.12500000
    0.61200000    0.12500000
    0.61250000    0.12500000
    0.61300000    0.12500000
    0.61350000    0.12500000
    0.61400000    0.12500000
    0.61450000    0.12500000
    0.61500000    0.12500000
    0.61550000    0.12500000
    0.61600000    0.12500000
    0.61650000    0.12500000
    0.61700000    0.12500000
    0.61750000    0.12500000
    0.61800000    0.12500000
    0.61850000    0.12500000
    0.61900000    0.12500000
    0.61950000    0.12500000
    0.62000000    0.12500000
    0.62050000    0.12500000
    0.62100000    0.12500000
    0.62150000    0.12500000
    0.62200000    0.12500000
    0.62250000    0.12500000
    0.62300000    0.12500000
    0.62350000    0.12500000
    0.62400000    0.12500000
    0.62450000    0.12500000
    0.62500000    0.12500000
    0.62550000    0.12500000
    0.62600000    0.12500000
    0.62650000    0.12500000
    0.62700000    0.12500000
    0.62750000    0.12500000
    0.62800000    0.12500000
    0.62850000    0.12500000
    0.62900000    0.12500000
    0.62950000    0.12500000
    0.63000000    0.12500000
    0.63050000    0.12500000
    0.63100000    0.12500000
    0.63150000    0.12500000
    0.63200000    0.12500000
    0.63250000    0.12500000
    0.63300000    0.12500000
    0.63350000    0.12500000
    0.63400000    0.12500000
    0.63450000    0.12500000
    0.63500000    0.12500000
    0.63550000    0.12500000
    0.63600000    0.12500000
    0.63650000    0.12500000
    0.63700000    0.12500000
    0.63750000    0.12500000
    0.63800000    0.12500000
    0.63850000    0.12500000
    0.63900000    0.12500000
    0.63950000    0.12500000
    0.64000000    0.12500000
    0.64050000    0.12500000
    0.64100000    0.12500000
    0.64150000    0.12500000
    0.64200000    0.12500000
    0.64250000    0.12500000
    0.64300000    0.12500000
    0.64350000    0.12500000
    0.64400000    0.12500000
    0.64450000    0.12500000
    0.64500000    0.12500000
    0.64550000    0.12500000
    0.64600000    0.12500000
    0.64650000    0.12500000
    0.64700000    0.12500000
    0.64750000    0.12500000
    0.64800000    0.12500000
    0.64850000    0.12500000
    0.64900000    0.12500000
    0.64950000    0.12500000
    0.65000000    0.12500000
    0.65050000    0.12500000
    0.65100000    0.12500000
    0.65150000    0.12500000
    0.65200000    0.12500000
    0.65250000    0.12500000
    0.65300000    0.12500000
    0.65350000    0.12500000
    0.65400000    0.12500000
    0.65450000    0.12500000
    0.65500000    0.12500000
    0.65550000    0.12500000
    0.65600000    0.12500000
    0.65650000    0.12500000
    0.65700000    0.12500000
    0.65750000    0.12500000
    0.65800000    0.12500000
    0.65850000    0.12500000
    0.65900000    0.12500000
    0.65950000    0.12500000
    0.66000000    0.12500000
    0.66050000    0.12500000
    0.66100000    0.12500000
    0.66150000    0.12500000
    0.66200000    0.12500000
    0.66250000    0.12500000
    0.66300000    0.12500000
    0.66350000    0.12500000
    0.66400000    0.12500000
    0.66450000    0.12500000
    0.66500000    0.12500000
    0.66550000    0.12500000
    0.66600000    0.12500000
    0.66650000    0.12500000
    0.66700000    0.12500000
    0.66750000    0.12500000
    0.66800000    0.12500000
    0.66850000    0.12500000
    0.66900000    0.12500000
    0.66950000    0.12500000
    0.67000000    0.12500000
    0.67050000    0.12500000
    0.67100000    0.12500000
    0.67150000    0.12500000
    0.67200000    0.12500000
    0.67250000    0.12500000
    0.67300000    0.12500000
    0.67350000    0.12500000
    0.67400000    0.12500000
    0.67450000    0.12500000
    0.67500000    0.12500000
    0.67550000    0.12500000
    0.67600000    0.12500000
    0.67650000    0.12500000
    0.67700000    0.12500000
    0.67750000    0.12500000
    0.67800000    0.12500000
    0.67850000    0.12500000
    0.67900000    0.12500000
    0.67950000    0.12500000
    0.68000000    0.12500000
    0.68050000    0.12500000
    0.68100000    0.12500000
    0.68150000    0.12500000
    0.68200000    0.12500000
    0.68250000    0.12500000
    0.68300000    0.12500000
    0.68350000    0.12500000
    0.68400000    0.12500000
    0.68450000    0.12500000
    0.68500000    0.12500000
    0.68550000    0.12500000
    0.68600000    0.12500000
    0.68650000    0.12500000
    0.68700000    0.12500000
    0.68750000    0.12500000
    0.68800000    0.12500000
    0.68850000    0.12500000
    0.68900000    0.12500000
    0.68950000    0.12500000
    0.69000000    0.12500000
    0.69050000    0.12500000
    0.69100000    0.12500000
    0.69150000    0.12500000
    0.69200000    0.12500000
    0.69250000    0.12500000
    0.69300000    0.12500000
    0.69350000    0.12500000
    0.69400000    0.12500000
    0.69450000    0.12500000
    0.69500000    0.12500000
    0.69550000    0.12500000
    0.69600000    0.12500000
    0.69650000    0.12500000
    0.69700000    0.12500000
    0.69750000    0.12500000
    0.69800000    0.12500000
    0.69850000    0.12500000
    0.69900000    0.12500000
    0.69950000    0.12500000
    0.70000000    0.12500000
    0.70050000    0.12500000
    0.70100000    0.12500000
    0.70150000    0.12500000
    0.70200000    0.12500000
    0.70250000    0.12500000
    0.70300000    0.12500000
    0.70350000    0.12500000
    0.70400000    0.12500000
    0.70450000    0.12500000
    0.70500000    0.12500000
    0.70550000    0.12500000
    0.70600000    0.12500000
    0.70650000    0.12500000
    0.70700000    0.12500000
    0.70750000    0.12500000
    0.70800000    0.12500000
    0.70850000    0.12500000
    0.70900000    0.12500000
    0.70950000    0.12500000
    0.71000000    0.12500000
    0.71050000    0.12500000
    0.71100000    0.12500000
    0.71150000    0.12500000
    0.71200000    0.12500000
    0.71250000    0.12500000
    0.71300000    0.12500000
    0.71350000    0.12500000
    0.71400000    0.12500000
    0.71450000    0.12500000
    0.71500000    0.12500000
    0.71550000    0.12500000
    0.71600000    0.12500000
    0.71650000    0.12500000
    0.71700000    0.12500000
    0.71750000    0.12500000
    0.71800000    0.12500000
    0.71850000    0.12500000
    0.71900000    0.12500000
    0.71950000    0.12500000
    0.72000000    0.12500000
    0.72050000    0.12500000
    0.72100000    0.12500000
    0.72150000    0.12500000
    0.72200000    0.12500000
    0.72250000    0.12500000
    0.72300000    0.12500000
    0.72350000    0.12500000
    0.72400000    0.12500000
    0.72450000    0.12500000
    0.72500000    0.12500000
    0.72550000    0.12500000
    0.72600000    0.12500000
    0.72650000    0.12500000
    0.72700000    0.12500000
    0.72750000    0.12500000
    0.72800000    0.12500000
    0.72850000    0.12500000
    0.72900000    0.12500000
    0.72950000    0.12500000
    0.73000000    0.12500000
    0.73050000    0.12500000
    0.73100000    0.12500000
    0.73150000    0.12500000
    0.73200000    0.12500000
    0.73250000    0.12500000
    0.73300000    0.12500000
    0.73350000    0.12500000
    0.73400000    0.12500000
    0.73450000    0.12500000
    0.73500000    0.12500000
    0.73550000    0.12500000
    0.73600000    0.12500000
    0.73650000    0.12500000
    0.73700000    0.12500000
    0.73750000    0.12500000
    0.73800000    0.12500000
    0.73850000    0.12500000
    0.73900000    0.12500000
    0.73950000    0.12500000
    0.74000000    0.12500000
    0.74050000    0.12500000
    0.74100000    0.12500000
    0.74150000    0.12500000
    0.74200000    0.12500000
    0.74250000    0.12500000
    0.74300000    0.12500000
    0.74350000    0.12500000
    0.74400000    0.12500000
    0.74450000    0.12500000
    0.74500000    0.12500000
    0.74550000    0.12500000
    0.74600000    0.12500000
    0.74650000    0.12500000
    0.74700000    0.12500000
    0.74750000    0.12500000
    0.74800000    0.12500000
    0.74850000    0.12500000
    0.74900000    0.12500000
    0.74950000    0.12500000
    0.75000000    0.12500000
    0.75050000    0.12500000
    0.75100000    0.12500000
    0.75150000    0.12500000
    0.75200000    0.12500000
    0.75250000    0.12500000
    0.75300000    0.12500000
    0.75350000    0.12500000
    0.75400000    0.12500000
    0.75450000    0.12500000
    0.75500000    0.12500000
    0.75550000    0.12500000
    0.75600000    0.12500000
    0.75650000    0.12500000
    0.75700000    0.12500000
    0.75750000    0.12500000
    0.75800000    0.12500000
    0.75850000    0.12500000
    0.75900000    0.12500000
    0.75950000    0.12500000
    0.76000000    0.12500000
    0.76050000    0.12500000
    0.76100000    0.12500000
    0.76150000    0.12500000
    0.76200000    0.12500000
    0.76250000    0.12500000
    0.76300000    0.12500000
    0.76350000    0.12500000
    0.76400000    0.12500000
    0.76450000    0.12500000
    0.76500000    0.12500000
    0.76550000    0.12500000
    0.76600000    0.12500000
    0.76650000    0.12500000
    0.76700000    0.12500000
    0.76750000    0.12500000
    0.76800000    0.12500000
    0.76850000    0.12500000
    0.76900000    0.12500000
    0.76950000    0.12500000
    0.77000000    0.12500000
    0.77050000    0.12500000
    0.77100000    0.12500000
    0.77150000    0.12500000
    0.77200000    0.12500000
    0.77250000    0.12500000
    0.77300000    0.12500000
    0.77350000    0.12500000
    0.77400000    0.12500000
    0.77450000    0.12500000
    0.77500000    0.12500000
    0.77550000    0.12500000
    0.77600000    0.12500000
    0.77650000    0.12500000
    0.77700000    0.12500000
    0.77750000    0.12500000
    0.77800000    0.12500000
    0.77850000    0.12500000
    0.77900000    0.12500000
    0.77950000    0.12500000
    0.78000000    0.12500000
    0.78050000    0.12500000
    0.78100000    0.12500000
    0.78150000    0.12500000
    0.78200000    0.12500000
    0.78250000    0.12500000
    0.78300000    0.12500000
    0.78350000    0.12500000
    0.78400000    0.12500000
    0.78450000    0.12500000
    0.78500000    0.12500000
    0.78550000    0.12500000
    0.78600000    0.12500000
    0.78650000    0.12500000
    0.78700000    0.12500000
    0.78750000    0.12500000
    0.78800000    0.12500000
    0.78850000    0.12500000
    0.78900000    0.12500000
    0.78950000    0.12500000
    0.79000000    0.12500000
    0.79050000    0.12500000
    0.79100000    0.12500000
    0.79150000    0.12500000
    0.79200000    0.12500000
    0.79250000    0.12500000
    0.79300000    0.12500000
    0.79350000    0.12500000
    0.79400000    0.12500000
    0.79450000    0.12500000
    0.79500000    0.12500000
    0.79550000    0.12500000
    0.79600000    0.12500000
    0.79650000    0.12500000
    0.79700000    0.12500000
    0.79750000    0.12500000
    0.79800000    0.12500000
    0.79850000    0.12500000
    0.79900000    0.12500000
    0.79950000    0.12500000
    0.80000000    0.12500000
    0.80050000    0.12500000
    0.80100000    0.12500000
    0.80150000    0.12500000
    0.80200000    0.12500000
    0.80250000    0.12500000
    0.80300000    0.12500000
    0.80350000    0.12500000
    0.80400000    0.12500000
    0.80450000    0.12500000
    0.80500000    0.12500000
    0.80550000    0.12500000
    0.80600000    0.12500000
    0.80650000    0.12500000
    0.80700000    0.12500000
    0.80750000    0.12500000
    0.80800000    0.12500000
    0.80850000    0.12500000
    0.80900000    0.12500000
    0.80950000    0.12500000
    0.81000000    0.12500000
    0.81050000    0.12500000
    0.81100000    0.12500000
    0.81150000    0.12500000
    0.81200000    0.12500000
    0.81250000    0.12500000
    0.81300000    0.12500000
    0.81350000    0.12500000
    0.81400000    0.12500000
    0.81450000    0.12500000
    0.81500000    0.12500000
    0.81550000    0.12500000
    0.81600000    0.12500000
    0.81650000    0.12500000
    0.81700000    0.12500000
    0.81750000    0.12500000
    0.81800000    0.12500000
    0.81850000    0.12500000
    0.81900000    0.12500000
    0.81950000    0.12500000
    0.82000000    0.12500000
    0.82050000    0.12500000
    0.82100000    0.12500000
    0.82150000    0.12500000
    0.82200000    0.12500000
    0.82250000    0.12500000
    0.82300000    0.12500000
    0.82350000    0.12500000
    0.82400000    0.12500000
    0.82450000    0.12500000
    0.82500000    0.12500000
    0.82550000    0.12500000
    0.82600000    0.12500000
    0.82650000    0.12500000
    0.82700000    0.12500000
    0.82750000    0.12500000
    0.82800000    0.12500000
    0.82850000    0.12500000
    0.82900000    0.12500000
    0.82950000    0.12500000
    0.83000000    0.12500000
    0.83050000    0.12500000
    0.83100000    0.12500000
    0.83150000    0.12500000
    0.83200000    0.12500000
    0.83250000    0.12500000
    0.83300000    0.12500000
    0.83350000    0.12500000
    0.83400000    0.12500000
    0.83450000    0.12500000
    0.83500000    0.12500000
    0.83550000    0.12500000
    0.83600000    0.12500000
    0.83650000    0.12500000
    0.83700000    0.12500000
    0.83750000    0.12500000
    0.83800000    0.12500000
    0.83850000    0.12500000
    0.83900000    0.12500000
    0.83950000    0.12500000
    0.84000000    0.12500000
    0.84050000    0.12500000
    0.84100000    0.12500000
    0.84150000    0.12500000
    0.84200000    0.12500000
    0.84250000    0.12500000
    0.84300000    0.12500000
    0.84350000    0.12500000
    0.84400000    0.12500000
    0.84450000    0.12500000
    0.84500000    0.12500000
    0.84550000    0.12500000
    0.84600000    0.12500000
    0.84650000    0.12500000
    0.84700000    0.12500000
    0.84750000    0.12500000
    0.84800000    0.12500000
    0.84850000    0.12500000
    0.84900000    0.12500000
    0.84950000    0.12500000
    0.85000000    0.12500000
    0.85050000    0.12500000
    0.85100000    0.12500000
    0.85150000    0.12500000
    0.85200000    0.12500000
    0.85250000    0.12500000
    0.85300000    0.12500000
    0.85350000    0.12500000
    0.85400000    0.12500000
    0.85450000    0.12500000
    0.85500000    0.12500000
    0.85550000    0.12500000
    0.85600000    0.12500000
    0.85650000    0.12500000
    0.85700000    0.12500000
    0.85750000    0.12500000
    0.85800000    0.12500000
    0.85850000    0.12500000
    0.85900000    0.12500000
    0.85950000    0.12500000
    0.86000000    0.12500000
    0.86050000    0.12500000
    0.86100000    0.12500000
    0.86150000    0.12500000
    0.86200000    0.12500000
    0.86250000    0.12500000
    0.86300000    0.12500000
    0.86350000    0.12500000
    0.86400000    0.12500000
    0.86450000    0.12500000
    0.86500000    0.12500000
    0.86550000    0.12500000
    0.86600000    0.12500000
    0.86650000    0.12500000
    0.86700000    0.12500000
    0.86750000    0.12500000
    0.86800000    0.12500000
    0.86850000    0.12500000
    0.86900000    0.12500000
    0.86950000    0.12500000
    0.87000000    0.12500000
    0.87050000    0.12500000
    0.87100000    0.12500000
    0.87150000    0.12500000
    0.87200000    0.12500000
    0.87250000    0.12500000
    0.87300000    0.12500000
    0.87350000    0.12500000
    0.87400000    0.12500000
    0.87450000    0.12500000
    0.87500000    0.12500000
    0.87550000    0.12500000
    0.87600000    0.12500000
    0.87650000    0.12500000
    0.87700000    0.12500000
    0.87750000    0.12500000
    0.87800000    0.12500000
    0.87850000    0.12500000
    0.87900000    0.12500000
    0.87950000    0.12500000
    0.88000000    0.12500000
    0.88050000    0.12500000
    0.88100000    0.12500000
    0.88150000    0.12500000
    0.88200000    0.12500000
    0.88250000    0.12500000
    0.88300000    0.12500000
    0.88350000    0.12500000
    0.88400000    0.12500000
    0.88450000    0.12500000
    0.88500000    0.12500000
    0.88550000    0.12500000
    0.88600000    0.12500000
    0.88650000    0.12500000
    0.88700000    0.12500000
    0.88750000    0.12500000
    0.88800000    0.12500000
    0.88850000    0.12500000
    0.88900000    0.12500000
    0.88950000    0.12500000
    0.89000000    0.12500000
    0.89050000    0.12500000
    0.89100000    0.12500000
    0.89150000    0.12500000
    0.89200000    0.12500000
    0.89250000    0.12500000
    0.89300000    0.12500000
    0.89350000    0.12500000
    0.89400000    0.12500000
    0.89450000    0.12500000
    0.89500000    0.12500000
    0.89550000    0.12500000
    0.89600000    0.12500000
    0.89650000    0.12500000
    0.89700000    0.12500000
    0.89750000    0.12500000
    0.89800000    0.12500000
    0.89850000    0.12500000
    0.89900000    0.12500000
    0.89950000    0.12500000
    0.90000000    0.12500000
    0.90050000    0.12500000
    0.90100000    0.12500000
    0.90150000    0.12500000
    0.90200000    0.12500000
    0.90250000    0.12500000
    0.90300000    0.12500000
    0.90350000    0.12500000
    0.90400000    0.12500000
    0.90450000    0.12500000
    0.90500000    0.12500000
    0.90550000    0.12500000
    0.90600000    0.12500000
    0.90650000    0.12500000
    0.90700000    0.12500000
    0.90750000    0.12500000
    0.90800000    0.12500000
    0.90850000    0.12500000
    0.90900000    0.12500000
    0.90950000    0.12500000
    0.91000000    0.12500000
    0.91050000    0.12500000
    0.91100000    0.12500000
    0.91150000    0.12500000
    0.91200000    0.12500000
    0.91250000    0.12500000
    0.91300000    0.12500000
    0.91350000    0.12500000
    0.91400000    0.12500000
    0.91450000    0.12500000
    0.91500000    0.12500000
    0.91550000    0.12500000
    0.91600000    0.12500000
    0.91650000    0.12500000
    0.91700000    0.12500000
    0.91750000    0.12500000
    0.91800000    0.12500000
    0.91850000    0.12500000
    0.91900000    0.12500000
    0.91950000    0.12500000
    0.92000000    0.12500000
    0.92050000    0.12500000
    0.92100000    0.12500000
    0.92150000    0.12500000
    0.92200000    0.12500000
    0.92250000    0.12500000
    0.92300000    0.12500000
    0.92350000    0.12500000
    0.92400000    0.12500000
    0.92450000    0.12500000
    0.92500000    0.12500000
    0.92550000    0.12500000
    0.92600000    0.12500000
    0.92650000    0.12500000
    0.92700000    0.12500000
    0.92750000    0.12500000
    0.92800000    0.12500000
    0.92850000    0.12500000
    0.92900000    0.12500000
    0.92950000    0.12500000
    0.93000000    0.12500000
    0.93050000    0.12500000
    0.93100000    0.12500000
    0.93150000    0.12500000
    0.93200000    0.12500000
    0.93250000    0.12500000
    0.93300000    0.12500000
    0.93350000    0.12500000
    0.93400000    0.12500000
    0.93450000    0.12500000
    0.93500000    0.12500000
    0.93550000    0.12500000
    0.93600000    0.12500000
    0.93650000    0.12500000
    0.93700000    0.12500000
    0.93750000    0.12500000
    0.93800000    0.12500000
    0.93850000    0.12500000
    0.93900000    0.12500000
    0.93950000    0.12500000
    0.94000000    0.12500000
    0.94050000    0.12500000
    0.94100000    0.12500000
    0.94150000    0.12500000
    0.94200000    0.12500000
    0.94250000    0.12500000
    0.94300000    0.12500000
    0.94350000    0.12500000
    0.94400000    0.12500000
    0.94450000    0.12500000
    0.94500000    0.12500000
    0.94550000    0.12500000
    0.94600000    0.12500000
    0.94650000    0.12500000
    0.94700000    0.12500000
    0.94750000    0.12500000
    0.94800000    0.12500000
    0.94850000    0.12500000
    0.94900000    0.12500000
    0.94950000    0.12500000
    0.95000000    0.12500000
    0.95050000    0.12500000
    0.95100000    0.12500000
    0.95150000    0.12500000
    0.95200000    0.12500000
    0.95250000    0.12500000
    0.95300000    0.12500000
    0.95350000    0.12500000
    0.95400000    0.12500000
    0.95450000    0.12500000
    0.95500000    0.12500000
    0.95550000    0.12500000
    0.95600000    0.12500000
    0.95650000    0.12500000
    0.95700000    0.12500000
    0.95750000    0.12500000
    0.95800000    0.12500000
    0.95850000    0.12500000
    0.95900000    0.12500000
    0.95950000    0.12500000
    0.96000000    0.12500000
    0.96050000    0.12500000
    0.96100000    0.12500000
    0.96150000    0.12500000
    0.96200000    0.12500000
    0.96250000    0.12500000
    0.96300000    0.12500000
    0.96350000    0.12500000
    0.96400000    0.12500000
    0.96450000    0.12500000
    0.96500000    0.12500000
    0.96550000    0.12500000
    0.96600000    0.12500000
    0.96650000    0.12500000
    0.96700000    0.12500000
    0.96750000    0.12500000
    0.96800000    0.12500000
    0.96850000    0.12500000
    0.96900000    0.12500000
    0.96950000    0.12500000
    0.97000000    0.12500000
    0.97050000    0.12500000
    0.97100000    0.12500000
    0.97150000    0.12500000
    0.97200000    0.12500000
    0.97250000    0.12500000
    0.97300000    0.12500000
    0.97350000    0.12500000
    0.97400000    0.12500000
    0.97450000    0.12500000
    0.97500000    0.12500000
    0.97550000    0.12500000
    0.97600000    0.12500000
    0.97650000    0.12500000
    0.97700000    0.12500000
    0.97750000    0.12500000
    0.97800000    0.12500000
    0.97850000    0.12500000
    0.97900000    0.12500000
    0.97950000    0.12500000
    0.98000000    0.12500000
    0.98050000    0.12500000
    0.98100000    0.12500000
    0.98150000    0.12500000
    0.98200000    0.12500000
    0.98250000    0.12500000
    0.98300000    0.12500000
    0.98350000    0.12500000
    0.98400000    0.12500000
    0.98450000    0.12500000
    0.98500000    0.12500000
    0.98550000    0.12500000
    0.98600000    0.12500000
    0.98650000    0.12500000
    0.98700000    0.12500000
    0.98750000    0.12500000
    0.98800000    0.12500000
    0.98850000    0.12500000
    0.98900000    0.12500000
    0.98950000    0.12500000
    0.99000000    0.12500000
    0.99050000    0.12500000
    0.99100000    0.12500000
    0.99150000    0.12500000
    0.99200000    0.12500000
    0.99250000    0.12500000
    0.99300000    0.12500000
    0.99350000    0.12500000
    0.99400000    0.12500000
    0.99450000    0.12500000
    0.99500000    0.12500000
    0.99550000    0.12500000
    0.99600000    0.12500000
    0.99650000    0.12500000
    0.99700000    0.12500000
    0.99750000    0.12500000
    0.99800000    0.12500000
    0.99850000    0.12500000
    0.99900000    0.12500000
    0.99950000    0.12500000
    1.00000000    0.12500000
