 variables = "x" "rho" 
    0.00000000    1.00000000
    0.00050000    1.00000000
    0.00100000    1.00000000
    0.00150000    1.00000000
    0.00200000    1.00000000
    0.00250000    1.00000000
    0.00300000    1.00000000
    0.00350000    1.00000000
    0.00400000    1.00000000
    0.00450000    1.00000000
    0.00500000    1.00000000
    0.00550000    1.00000000
    0.00600000    1.00000000
    0.00650000    1.00000000
    0.00700000    1.00000000
    0.00750000    1.00000000
    0.00800000    1.00000000
    0.00850000    1.00000000
    0.00900000    1.00000000
    0.00950000    1.00000000
    0.01000000    1.00000000
    0.01050000    1.00000000
    0.01100000    1.00000000
    0.01150000    1.00000000
    0.01200000    1.00000000
    0.01250000    1.00000000
    0.01300000    1.00000000
    0.01350000    1.00000000
    0.01400000    1.00000000
    0.01450000    1.00000000
    0.01500000    1.00000000
    0.01550000    1.00000000
    0.01600000    1.00000000
    0.01650000    1.00000000
    0.01700000    1.00000000
    0.01750000    1.00000000
    0.01800000    1.00000000
    0.01850000    1.00000000
    0.01900000    1.00000000
    0.01950000    1.00000000
    0.02000000    1.00000000
    0.02050000    1.00000000
    0.02100000    1.00000000
    0.02150000    1.00000000
    0.02200000    1.00000000
    0.02250000    1.00000000
    0.02300000    1.00000000
    0.02350000    1.00000000
    0.02400000    1.00000000
    0.02450000    1.00000000
    0.02500000    1.00000000
    0.02550000    1.00000000
    0.02600000    1.00000000
    0.02650000    1.00000000
    0.02700000    1.00000000
    0.02750000    1.00000000
    0.02800000    1.00000000
    0.02850000    1.00000000
    0.02900000    1.00000000
    0.02950000    1.00000000
    0.03000000    1.00000000
    0.03050000    1.00000000
    0.03100000    1.00000000
    0.03150000    1.00000000
    0.03200000    1.00000000
    0.03250000    1.00000000
    0.03300000    1.00000000
    0.03350000    1.00000000
    0.03400000    1.00000000
    0.03450000    1.00000000
    0.03500000    1.00000000
    0.03550000    1.00000000
    0.03600000    1.00000000
    0.03650000    1.00000000
    0.03700000    1.00000000
    0.03750000    1.00000000
    0.03800000    1.00000000
    0.03850000    1.00000000
    0.03900000    1.00000000
    0.03950000    1.00000000
    0.04000000    1.00000000
    0.04050000    1.00000000
    0.04100000    1.00000000
    0.04150000    1.00000000
    0.04200000    1.00000000
    0.04250000    1.00000000
    0.04300000    1.00000000
    0.04350000    1.00000000
    0.04400000    1.00000000
    0.04450000    1.00000000
    0.04500000    1.00000000
    0.04550000    1.00000000
    0.04600000    1.00000000
    0.04650000    1.00000000
    0.04700000    1.00000000
    0.04750000    1.00000000
    0.04800000    1.00000000
    0.04850000    1.00000000
    0.04900000    1.00000000
    0.04950000    1.00000000
    0.05000000    1.00000000
    0.05050000    1.00000000
    0.05100000    1.00000000
    0.05150000    1.00000000
    0.05200000    1.00000000
    0.05250000    1.00000000
    0.05300000    1.00000000
    0.05350000    1.00000000
    0.05400000    1.00000000
    0.05450000    1.00000000
    0.05500000    1.00000000
    0.05550000    1.00000000
    0.05600000    1.00000000
    0.05650000    1.00000000
    0.05700000    1.00000000
    0.05750000    1.00000000
    0.05800000    1.00000000
    0.05850000    1.00000000
    0.05900000    1.00000000
    0.05950000    1.00000000
    0.06000000    1.00000000
    0.06050000    1.00000000
    0.06100000    1.00000000
    0.06150000    1.00000000
    0.06200000    1.00000000
    0.06250000    1.00000000
    0.06300000    1.00000000
    0.06350000    1.00000000
    0.06400000    1.00000000
    0.06450000    1.00000000
    0.06500000    1.00000000
    0.06550000    1.00000000
    0.06600000    1.00000000
    0.06650000    1.00000000
    0.06700000    1.00000000
    0.06750000    1.00000000
    0.06800000    1.00000000
    0.06850000    1.00000000
    0.06900000    1.00000000
    0.06950000    1.00000000
    0.07000000    1.00000000
    0.07050000    1.00000000
    0.07100000    1.00000000
    0.07150000    1.00000000
    0.07200000    1.00000000
    0.07250000    1.00000000
    0.07300000    1.00000000
    0.07350000    1.00000000
    0.07400000    1.00000000
    0.07450000    1.00000000
    0.07500000    1.00000000
    0.07550000    1.00000000
    0.07600000    1.00000000
    0.07650000    1.00000000
    0.07700000    1.00000000
    0.07750000    1.00000000
    0.07800000    1.00000000
    0.07850000    1.00000000
    0.07900000    1.00000000
    0.07950000    1.00000000
    0.08000000    1.00000000
    0.08050000    1.00000000
    0.08100000    1.00000000
    0.08150000    1.00000000
    0.08200000    1.00000000
    0.08250000    1.00000000
    0.08300000    1.00000000
    0.08350000    1.00000000
    0.08400000    1.00000000
    0.08450000    1.00000000
    0.08500000    1.00000000
    0.08550000    1.00000000
    0.08600000    1.00000000
    0.08650000    1.00000000
    0.08700000    1.00000000
    0.08750000    1.00000000
    0.08800000    1.00000000
    0.08850000    1.00000000
    0.08900000    1.00000000
    0.08950000    1.00000000
    0.09000000    1.00000000
    0.09050000    1.00000000
    0.09100000    1.00000000
    0.09150000    1.00000000
    0.09200000    1.00000000
    0.09250000    1.00000000
    0.09300000    1.00000000
    0.09350000    1.00000000
    0.09400000    1.00000000
    0.09450000    1.00000000
    0.09500000    1.00000000
    0.09550000    1.00000000
    0.09600000    1.00000000
    0.09650000    1.00000000
    0.09700000    1.00000000
    0.09750000    1.00000000
    0.09800000    1.00000000
    0.09850000    1.00000000
    0.09900000    1.00000000
    0.09950000    1.00000000
    0.10000000    1.00000000
    0.10050000    1.00000000
    0.10100000    1.00000000
    0.10150000    1.00000000
    0.10200000    1.00000000
    0.10250000    1.00000000
    0.10300000    1.00000000
    0.10350000    1.00000000
    0.10400000    1.00000000
    0.10450000    1.00000000
    0.10500000    1.00000000
    0.10550000    1.00000000
    0.10600000    1.00000000
    0.10650000    1.00000000
    0.10700000    1.00000000
    0.10750000    1.00000000
    0.10800000    1.00000000
    0.10850000    1.00000000
    0.10900000    1.00000000
    0.10950000    1.00000000
    0.11000000    1.00000000
    0.11050000    1.00000000
    0.11100000    1.00000000
    0.11150000    1.00000000
    0.11200000    1.00000000
    0.11250000    1.00000000
    0.11300000    1.00000000
    0.11350000    1.00000000
    0.11400000    1.00000000
    0.11450000    1.00000000
    0.11500000    1.00000000
    0.11550000    1.00000000
    0.11600000    1.00000000
    0.11650000    1.00000000
    0.11700000    1.00000000
    0.11750000    1.00000000
    0.11800000    1.00000000
    0.11850000    1.00000000
    0.11900000    1.00000000
    0.11950000    1.00000000
    0.12000000    1.00000000
    0.12050000    1.00000000
    0.12100000    1.00000000
    0.12150000    1.00000000
    0.12200000    1.00000000
    0.12250000    1.00000000
    0.12300000    1.00000000
    0.12350000    1.00000000
    0.12400000    1.00000000
    0.12450000    1.00000000
    0.12500000    1.00000000
    0.12550000    1.00000000
    0.12600000    1.00000000
    0.12650000    1.00000000
    0.12700000    1.00000000
    0.12750000    1.00000000
    0.12800000    1.00000000
    0.12850000    1.00000000
    0.12900000    1.00000000
    0.12950000    1.00000000
    0.13000000    1.00000000
    0.13050000    1.00000000
    0.13100000    1.00000000
    0.13150000    1.00000000
    0.13200000    1.00000000
    0.13250000    1.00000000
    0.13300000    1.00000000
    0.13350000    1.00000000
    0.13400000    1.00000000
    0.13450000    1.00000000
    0.13500000    1.00000000
    0.13550000    1.00000000
    0.13600000    1.00000000
    0.13650000    1.00000000
    0.13700000    1.00000000
    0.13750000    1.00000000
    0.13800000    1.00000000
    0.13850000    1.00000000
    0.13900000    1.00000000
    0.13950000    1.00000000
    0.14000000    1.00000000
    0.14050000    1.00000000
    0.14100000    1.00000000
    0.14150000    1.00000000
    0.14200000    1.00000000
    0.14250000    1.00000000
    0.14300000    1.00000000
    0.14350000    1.00000000
    0.14400000    1.00000000
    0.14450000    1.00000000
    0.14500000    1.00000000
    0.14550000    1.00000000
    0.14600000    1.00000000
    0.14650000    1.00000000
    0.14700000    1.00000000
    0.14750000    1.00000000
    0.14800000    1.00000000
    0.14850000    1.00000000
    0.14900000    1.00000000
    0.14950000    1.00000000
    0.15000000    1.00000000
    0.15050000    1.00000000
    0.15100000    1.00000000
    0.15150000    1.00000000
    0.15200000    1.00000000
    0.15250000    1.00000000
    0.15300000    1.00000000
    0.15350000    1.00000000
    0.15400000    1.00000000
    0.15450000    1.00000000
    0.15500000    1.00000000
    0.15550000    1.00000000
    0.15600000    1.00000000
    0.15650000    1.00000000
    0.15700000    1.00000000
    0.15750000    1.00000000
    0.15800000    1.00000000
    0.15850000    1.00000000
    0.15900000    1.00000000
    0.15950000    1.00000000
    0.16000000    1.00000000
    0.16050000    1.00000000
    0.16100000    1.00000000
    0.16150000    1.00000000
    0.16200000    1.00000000
    0.16250000    1.00000000
    0.16300000    1.00000000
    0.16350000    1.00000000
    0.16400000    1.00000000
    0.16450000    1.00000000
    0.16500000    1.00000000
    0.16550000    1.00000000
    0.16600000    1.00000000
    0.16650000    1.00000000
    0.16700000    1.00000000
    0.16750000    1.00000000
    0.16800000    1.00000000
    0.16850000    1.00000000
    0.16900000    1.00000000
    0.16950000    1.00000000
    0.17000000    1.00000000
    0.17050000    1.00000000
    0.17100000    1.00000000
    0.17150000    1.00000000
    0.17200000    1.00000000
    0.17250000    1.00000000
    0.17300000    1.00000000
    0.17350000    1.00000000
    0.17400000    1.00000000
    0.17450000    1.00000000
    0.17500000    1.00000000
    0.17550000    1.00000000
    0.17600000    1.00000000
    0.17650000    1.00000000
    0.17700000    1.00000000
    0.17750000    1.00000000
    0.17800000    1.00000000
    0.17850000    1.00000000
    0.17900000    1.00000000
    0.17950000    1.00000000
    0.18000000    1.00000000
    0.18050000    1.00000000
    0.18100000    1.00000000
    0.18150000    1.00000000
    0.18200000    1.00000000
    0.18250000    1.00000000
    0.18300000    1.00000000
    0.18350000    1.00000000
    0.18400000    1.00000000
    0.18450000    1.00000000
    0.18500000    1.00000000
    0.18550000    1.00000000
    0.18600000    1.00000000
    0.18650000    1.00000000
    0.18700000    1.00000000
    0.18750000    1.00000000
    0.18800000    1.00000000
    0.18850000    1.00000000
    0.18900000    1.00000000
    0.18950000    1.00000000
    0.19000000    1.00000000
    0.19050000    1.00000000
    0.19100000    1.00000000
    0.19150000    1.00000000
    0.19200000    1.00000000
    0.19250000    1.00000000
    0.19300000    1.00000000
    0.19350000    1.00000000
    0.19400000    1.00000000
    0.19450000    1.00000000
    0.19500000    1.00000000
    0.19550000    1.00000000
    0.19600000    1.00000000
    0.19650000    1.00000000
    0.19700000    1.00000000
    0.19750000    1.00000000
    0.19800000    1.00000000
    0.19850000    1.00000000
    0.19900000    1.00000000
    0.19950000    1.00000000
    0.20000000    1.00000000
    0.20050000    1.00000000
    0.20100000    1.00000000
    0.20150000    1.00000000
    0.20200000    1.00000000
    0.20250000    1.00000000
    0.20300000    1.00000000
    0.20350000    1.00000000
    0.20400000    1.00000000
    0.20450000    1.00000000
    0.20500000    1.00000000
    0.20550000    1.00000000
    0.20600000    1.00000000
    0.20650000    1.00000000
    0.20700000    1.00000000
    0.20750000    1.00000000
    0.20800000    1.00000000
    0.20850000    1.00000000
    0.20900000    1.00000000
    0.20950000    1.00000000
    0.21000000    1.00000000
    0.21050000    1.00000000
    0.21100000    1.00000000
    0.21150000    1.00000000
    0.21200000    1.00000000
    0.21250000    1.00000000
    0.21300000    1.00000000
    0.21350000    1.00000000
    0.21400000    1.00000000
    0.21450000    1.00000000
    0.21500000    1.00000000
    0.21550000    1.00000000
    0.21600000    1.00000000
    0.21650000    1.00000000
    0.21700000    1.00000000
    0.21750000    1.00000000
    0.21800000    1.00000000
    0.21850000    1.00000000
    0.21900000    1.00000000
    0.21950000    1.00000000
    0.22000000    1.00000000
    0.22050000    1.00000000
    0.22100000    1.00000000
    0.22150000    1.00000000
    0.22200000    1.00000000
    0.22250000    1.00000000
    0.22300000    1.00000000
    0.22350000    1.00000000
    0.22400000    1.00000000
    0.22450000    1.00000000
    0.22500000    1.00000000
    0.22550000    1.00000000
    0.22600000    1.00000000
    0.22650000    1.00000000
    0.22700000    1.00000000
    0.22750000    1.00000000
    0.22800000    1.00000000
    0.22850000    1.00000000
    0.22900000    1.00000000
    0.22950000    1.00000000
    0.23000000    1.00000000
    0.23050000    1.00000000
    0.23100000    1.00000000
    0.23150000    1.00000000
    0.23200000    1.00000000
    0.23250000    1.00000000
    0.23300000    1.00000000
    0.23350000    1.00000000
    0.23400000    1.00000000
    0.23450000    1.00000000
    0.23500000    1.00000000
    0.23550000    1.00000000
    0.23600000    1.00000000
    0.23650000    1.00000000
    0.23700000    1.00000000
    0.23750000    1.00000000
    0.23800000    1.00000000
    0.23850000    1.00000000
    0.23900000    1.00000000
    0.23950000    1.00000000
    0.24000000    1.00000000
    0.24050000    1.00000000
    0.24100000    1.00000000
    0.24150000    1.00000000
    0.24200000    1.00000000
    0.24250000    1.00000000
    0.24300000    1.00000000
    0.24350000    1.00000000
    0.24400000    1.00000000
    0.24450000    1.00000000
    0.24500000    1.00000000
    0.24550000    1.00000000
    0.24600000    1.00000000
    0.24650000    1.00000000
    0.24700000    1.00000000
    0.24750000    1.00000000
    0.24800000    1.00000000
    0.24850000    1.00000000
    0.24900000    1.00000000
    0.24950000    1.00000000
    0.25000000    1.00000000
    0.25050000    1.00000000
    0.25100000    1.00000000
    0.25150000    1.00000000
    0.25200000    1.00000000
    0.25250000    1.00000000
    0.25300000    1.00000000
    0.25350000    1.00000000
    0.25400000    1.00000000
    0.25450000    1.00000000
    0.25500000    1.00000000
    0.25550000    1.00000000
    0.25600000    1.00000000
    0.25650000    1.00000000
    0.25700000    1.00000000
    0.25750000    1.00000000
    0.25800000    1.00000000
    0.25850000    1.00000000
    0.25900000    1.00000000
    0.25950000    1.00000000
    0.26000000    1.00000000
    0.26050000    1.00000000
    0.26100000    1.00000000
    0.26150000    1.00000000
    0.26200000    1.00000000
    0.26250000    1.00000000
    0.26300000    1.00000000
    0.26350000    1.00000000
    0.26400000    1.00000000
    0.26450000    1.00000000
    0.26500000    1.00000000
    0.26550000    1.00000000
    0.26600000    1.00000000
    0.26650000    1.00000000
    0.26700000    1.00000000
    0.26750000    1.00000000
    0.26800000    1.00000000
    0.26850000    1.00000000
    0.26900000    1.00000000
    0.26950000    1.00000000
    0.27000000    1.00000000
    0.27050000    1.00000000
    0.27100000    1.00000000
    0.27150000    1.00000000
    0.27200000    1.00000000
    0.27250000    1.00000000
    0.27300000    1.00000000
    0.27350000    1.00000000
    0.27400000    1.00000000
    0.27450000    1.00000000
    0.27500000    1.00000000
    0.27550000    1.00000000
    0.27600000    1.00000000
    0.27650000    1.00000000
    0.27700000    1.00000000
    0.27750000    1.00000000
    0.27800000    1.00000000
    0.27850000    1.00000000
    0.27900000    1.00000000
    0.27950000    1.00000000
    0.28000000    1.00000000
    0.28050000    1.00000000
    0.28100000    1.00000000
    0.28150000    1.00000000
    0.28200000    1.00000000
    0.28250000    1.00000000
    0.28300000    1.00000000
    0.28350000    1.00000000
    0.28400000    1.00000000
    0.28450000    1.00000000
    0.28500000    1.00000000
    0.28550000    1.00000000
    0.28600000    1.00000000
    0.28650000    1.00000000
    0.28700000    1.00000000
    0.28750000    1.00000000
    0.28800000    1.00000000
    0.28850000    1.00000000
    0.28900000    1.00000000
    0.28950000    1.00000000
    0.29000000    1.00000000
    0.29050000    1.00000000
    0.29100000    1.00000000
    0.29150000    1.00000000
    0.29200000    1.00000000
    0.29250000    1.00000000
    0.29300000    1.00000000
    0.29350000    1.00000000
    0.29400000    1.00000000
    0.29450000    1.00000000
    0.29500000    1.00000000
    0.29550000    1.00000000
    0.29600000    1.00000000
    0.29650000    1.00000000
    0.29700000    1.00000000
    0.29750000    1.00000000
    0.29800000    1.00000000
    0.29850000    1.00000000
    0.29900000    1.00000000
    0.29950000    1.00000000
    0.30000000    1.00000000
    0.30050000    1.00000000
    0.30100000    1.00000000
    0.30150000    1.00000000
    0.30200000    1.00000000
    0.30250000    1.00000000
    0.30300000    1.00000000
    0.30350000    1.00000000
    0.30400000    1.00000000
    0.30450000    1.00000000
    0.30500000    1.00000000
    0.30550000    1.00000000
    0.30600000    1.00000000
    0.30650000    1.00000000
    0.30700000    1.00000000
    0.30750000    1.00000000
    0.30800000    1.00000000
    0.30850000    1.00000000
    0.30900000    1.00000000
    0.30950000    1.00000000
    0.31000000    1.00000000
    0.31050000    1.00000000
    0.31100000    1.00000000
    0.31150000    1.00000000
    0.31200000    1.00000000
    0.31250000    1.00000000
    0.31300000    1.00000000
    0.31350000    1.00000000
    0.31400000    1.00000000
    0.31450000    1.00000000
    0.31500000    1.00000000
    0.31550000    1.00000000
    0.31600000    1.00000000
    0.31650000    1.00000000
    0.31700000    1.00000000
    0.31750000    1.00000000
    0.31800000    1.00000000
    0.31850000    1.00000000
    0.31900000    1.00000000
    0.31950000    1.00000000
    0.32000000    1.00000000
    0.32050000    1.00000000
    0.32100000    1.00000000
    0.32150000    1.00000000
    0.32200000    1.00000000
    0.32250000    1.00000000
    0.32300000    1.00000000
    0.32350000    0.99999999
    0.32400000    1.00000000
    0.32450000    1.00000000
    0.32500000    1.00000001
    0.32550000    1.00000000
    0.32600000    0.99999996
    0.32650000    0.99999983
    0.32700000    0.99999954
    0.32750000    0.99999889
    0.32800000    0.99999754
    0.32850000    0.99999475
    0.32900000    0.99998908
    0.32950000    0.99997775
    0.33000000    0.99995564
    0.33050000    0.99991373
    0.33100000    0.99983691
    0.33150000    0.99969979
    0.33200000    0.99945712
    0.33250000    0.99902954
    0.33300000    0.99832011
    0.33350000    0.99727899
    0.33400000    0.99592264
    0.33450000    0.99430346
    0.33500000    0.99248248
    0.33550000    0.99051467
    0.33600000    0.98844311
    0.33650000    0.98629865
    0.33700000    0.98410222
    0.33750000    0.98186781
    0.33800000    0.97960495
    0.33850000    0.97732041
    0.33900000    0.97501914
    0.33950000    0.97270494
    0.34000000    0.97038074
    0.34050000    0.96804885
    0.34100000    0.96571110
    0.34150000    0.96336900
    0.34200000    0.96102375
    0.34250000    0.95867635
    0.34300000    0.95632763
    0.34350000    0.95397831
    0.34400000    0.95162896
    0.34450000    0.94928010
    0.34500000    0.94693216
    0.34550000    0.94458551
    0.34600000    0.94224049
    0.34650000    0.93989736
    0.34700000    0.93755639
    0.34750000    0.93521779
    0.34800000    0.93288175
    0.34850000    0.93054845
    0.34900000    0.92821804
    0.34950000    0.92589066
    0.35000000    0.92356642
    0.35050000    0.92124545
    0.35100000    0.91892784
    0.35150000    0.91661367
    0.35200000    0.91430304
    0.35250000    0.91199601
    0.35300000    0.90969265
    0.35350000    0.90739302
    0.35400000    0.90509718
    0.35450000    0.90280518
    0.35500000    0.90051707
    0.35550000    0.89823289
    0.35600000    0.89595267
    0.35650000    0.89367645
    0.35700000    0.89140428
    0.35750000    0.88913616
    0.35800000    0.88687215
    0.35850000    0.88461225
    0.35900000    0.88235650
    0.35950000    0.88010491
    0.36000000    0.87785751
    0.36050000    0.87561432
    0.36100000    0.87337535
    0.36150000    0.87114061
    0.36200000    0.86891013
    0.36250000    0.86668391
    0.36300000    0.86446196
    0.36350000    0.86224431
    0.36400000    0.86003096
    0.36450000    0.85782191
    0.36500000    0.85561717
    0.36550000    0.85341676
    0.36600000    0.85122068
    0.36650000    0.84902894
    0.36700000    0.84684154
    0.36750000    0.84465848
    0.36800000    0.84247977
    0.36850000    0.84030542
    0.36900000    0.83813542
    0.36950000    0.83596978
    0.37000000    0.83380849
    0.37050000    0.83165157
    0.37100000    0.82949901
    0.37150000    0.82735081
    0.37200000    0.82520697
    0.37250000    0.82306749
    0.37300000    0.82093237
    0.37350000    0.81880160
    0.37400000    0.81667519
    0.37450000    0.81455313
    0.37500000    0.81243542
    0.37550000    0.81032205
    0.37600000    0.80821302
    0.37650000    0.80610833
    0.37700000    0.80400798
    0.37750000    0.80191194
    0.37800000    0.79982024
    0.37850000    0.79773284
    0.37900000    0.79564976
    0.37950000    0.79357098
    0.38000000    0.79149650
    0.38050000    0.78942630
    0.38100000    0.78736039
    0.38150000    0.78529876
    0.38200000    0.78324139
    0.38250000    0.78118828
    0.38300000    0.77913942
    0.38350000    0.77709481
    0.38400000    0.77505443
    0.38450000    0.77301827
    0.38500000    0.77098633
    0.38550000    0.76895860
    0.38600000    0.76693506
    0.38650000    0.76491572
    0.38700000    0.76290055
    0.38750000    0.76088956
    0.38800000    0.75888272
    0.38850000    0.75688004
    0.38900000    0.75488150
    0.38950000    0.75288709
    0.39000000    0.75089680
    0.39050000    0.74891062
    0.39100000    0.74692855
    0.39150000    0.74495058
    0.39200000    0.74297668
    0.39250000    0.74100687
    0.39300000    0.73904112
    0.39350000    0.73707944
    0.39400000    0.73512180
    0.39450000    0.73316821
    0.39500000    0.73121865
    0.39550000    0.72927312
    0.39600000    0.72733161
    0.39650000    0.72539412
    0.39700000    0.72346063
    0.39750000    0.72153114
    0.39800000    0.71960564
    0.39850000    0.71768413
    0.39900000    0.71576661
    0.39950000    0.71385306
    0.40000000    0.71194349
    0.40050000    0.71003789
    0.40100000    0.70813625
    0.40150000    0.70623857
    0.40200000    0.70434485
    0.40250000    0.70245509
    0.40300000    0.70056928
    0.40350000    0.69868742
    0.40400000    0.69680951
    0.40450000    0.69493555
    0.40500000    0.69306554
    0.40550000    0.69119947
    0.40600000    0.68933734
    0.40650000    0.68747916
    0.40700000    0.68562492
    0.40750000    0.68377463
    0.40800000    0.68192828
    0.40850000    0.68008587
    0.40900000    0.67824741
    0.40950000    0.67641288
    0.41000000    0.67458230
    0.41050000    0.67275566
    0.41100000    0.67093296
    0.41150000    0.66911421
    0.41200000    0.66729939
    0.41250000    0.66548851
    0.41300000    0.66368156
    0.41350000    0.66187855
    0.41400000    0.66007946
    0.41450000    0.65828430
    0.41500000    0.65649307
    0.41550000    0.65470574
    0.41600000    0.65292233
    0.41650000    0.65114282
    0.41700000    0.64936720
    0.41750000    0.64759546
    0.41800000    0.64582759
    0.41850000    0.64406358
    0.41900000    0.64230342
    0.41950000    0.64054709
    0.42000000    0.63879457
    0.42050000    0.63704584
    0.42100000    0.63530089
    0.42150000    0.63355970
    0.42200000    0.63182223
    0.42250000    0.63008848
    0.42300000    0.62835841
    0.42350000    0.62663200
    0.42400000    0.62490921
    0.42450000    0.62319003
    0.42500000    0.62147443
    0.42550000    0.61976237
    0.42600000    0.61805383
    0.42650000    0.61634877
    0.42700000    0.61464718
    0.42750000    0.61294901
    0.42800000    0.61125425
    0.42850000    0.60956287
    0.42900000    0.60787485
    0.42950000    0.60619015
    0.43000000    0.60450877
    0.43050000    0.60283067
    0.43100000    0.60115585
    0.43150000    0.59948430
    0.43200000    0.59781599
    0.43250000    0.59615093
    0.43300000    0.59448910
    0.43350000    0.59283050
    0.43400000    0.59117514
    0.43450000    0.58952302
    0.43500000    0.58787415
    0.43550000    0.58622853
    0.43600000    0.58458619
    0.43650000    0.58294713
    0.43700000    0.58131138
    0.43750000    0.57967896
    0.43800000    0.57804989
    0.43850000    0.57642421
    0.43900000    0.57480195
    0.43950000    0.57318313
    0.44000000    0.57156779
    0.44050000    0.56995597
    0.44100000    0.56834771
    0.44150000    0.56674305
    0.44200000    0.56514202
    0.44250000    0.56354468
    0.44300000    0.56195107
    0.44350000    0.56036123
    0.44400000    0.55877520
    0.44450000    0.55719303
    0.44500000    0.55561476
    0.44550000    0.55404043
    0.44600000    0.55247010
    0.44650000    0.55090379
    0.44700000    0.54934154
    0.44750000    0.54778340
    0.44800000    0.54622938
    0.44850000    0.54467954
    0.44900000    0.54313388
    0.44950000    0.54159243
    0.45000000    0.54005522
    0.45050000    0.53852225
    0.45100000    0.53699353
    0.45150000    0.53546907
    0.45200000    0.53394886
    0.45250000    0.53243290
    0.45300000    0.53092118
    0.45350000    0.52941367
    0.45400000    0.52791035
    0.45450000    0.52641121
    0.45500000    0.52491619
    0.45550000    0.52342527
    0.45600000    0.52193841
    0.45650000    0.52045556
    0.45700000    0.51897669
    0.45750000    0.51750173
    0.45800000    0.51603066
    0.45850000    0.51456341
    0.45900000    0.51309996
    0.45950000    0.51164026
    0.46000000    0.51018428
    0.46050000    0.50873198
    0.46100000    0.50728334
    0.46150000    0.50583836
    0.46200000    0.50439701
    0.46250000    0.50295929
    0.46300000    0.50152523
    0.46350000    0.50009481
    0.46400000    0.49866808
    0.46450000    0.49724505
    0.46500000    0.49582575
    0.46550000    0.49441023
    0.46600000    0.49299852
    0.46650000    0.49159066
    0.46700000    0.49018669
    0.46750000    0.48878664
    0.46800000    0.48739055
    0.46850000    0.48599844
    0.46900000    0.48461033
    0.46950000    0.48322624
    0.47000000    0.48184618
    0.47050000    0.48047015
    0.47100000    0.47909817
    0.47150000    0.47773027
    0.47200000    0.47636648
    0.47250000    0.47500688
    0.47300000    0.47365155
    0.47350000    0.47230062
    0.47400000    0.47095423
    0.47450000    0.46961258
    0.47500000    0.46827587
    0.47550000    0.46694431
    0.47600000    0.46561812
    0.47650000    0.46429753
    0.47700000    0.46298271
    0.47750000    0.46167380
    0.47800000    0.46037091
    0.47850000    0.45907411
    0.47900000    0.45778349
    0.47950000    0.45649917
    0.48000000    0.45522140
    0.48050000    0.45395055
    0.48100000    0.45268720
    0.48150000    0.45143210
    0.48200000    0.45018614
    0.48250000    0.44895033
    0.48300000    0.44772563
    0.48350000    0.44651291
    0.48400000    0.44531289
    0.48450000    0.44412605
    0.48500000    0.44295272
    0.48550000    0.44179317
    0.48600000    0.44064778
    0.48650000    0.43951730
    0.48700000    0.43840310
    0.48750000    0.43730743
    0.48800000    0.43623359
    0.48850000    0.43518604
    0.48900000    0.43417035
    0.48950000    0.43319305
    0.49000000    0.43226139
    0.49050000    0.43138290
    0.49100000    0.43056495
    0.49150000    0.42981391
    0.49200000    0.42913452
    0.49250000    0.42852955
    0.49300000    0.42799990
    0.49350000    0.42754665
    0.49400000    0.42717255
    0.49450000    0.42687996
    0.49500000    0.42667176
    0.49550000    0.42653465
    0.49600000    0.42644611
    0.49650000    0.42639255
    0.49700000    0.42636133
    0.49750000    0.42634153
    0.49800000    0.42632928
    0.49850000    0.42632294
    0.49900000    0.42632008
    0.49950000    0.42631846
    0.50000000    0.42631767
    0.50050000    0.42631828
    0.50100000    0.42632170
    0.50150000    0.42632932
    0.50200000    0.42634032
    0.50250000    0.42635136
    0.50300000    0.42635940
    0.50350000    0.42636375
    0.50400000    0.42636525
    0.50450000    0.42636517
    0.50500000    0.42636409
    0.50550000    0.42636290
    0.50600000    0.42636224
    0.50650000    0.42636235
    0.50700000    0.42636337
    0.50750000    0.42636496
    0.50800000    0.42636642
    0.50850000    0.42636706
    0.50900000    0.42636607
    0.50950000    0.42636343
    0.51000000    0.42636047
    0.51050000    0.42635828
    0.51100000    0.42635713
    0.51150000    0.42635647
    0.51200000    0.42635587
    0.51250000    0.42635520
    0.51300000    0.42635408
    0.51350000    0.42635176
    0.51400000    0.42634759
    0.51450000    0.42634207
    0.51500000    0.42633620
    0.51550000    0.42633076
    0.51600000    0.42632593
    0.51650000    0.42632121
    0.51700000    0.42631613
    0.51750000    0.42631075
    0.51800000    0.42630561
    0.51850000    0.42630142
    0.51900000    0.42629861
    0.51950000    0.42629695
    0.52000000    0.42629604
    0.52050000    0.42629566
    0.52100000    0.42629569
    0.52150000    0.42629614
    0.52200000    0.42629716
    0.52250000    0.42629878
    0.52300000    0.42630078
    0.52350000    0.42630285
    0.52400000    0.42630473
    0.52450000    0.42630645
    0.52500000    0.42630836
    0.52550000    0.42631079
    0.52600000    0.42631373
    0.52650000    0.42631681
    0.52700000    0.42631950
    0.52750000    0.42632135
    0.52800000    0.42632237
    0.52850000    0.42632291
    0.52900000    0.42632325
    0.52950000    0.42632355
    0.53000000    0.42632389
    0.53050000    0.42632425
    0.53100000    0.42632453
    0.53150000    0.42632463
    0.53200000    0.42632441
    0.53250000    0.42632379
    0.53300000    0.42632292
    0.53350000    0.42632202
    0.53400000    0.42632125
    0.53450000    0.42632057
    0.53500000    0.42631976
    0.53550000    0.42631862
    0.53600000    0.42631720
    0.53650000    0.42631581
    0.53700000    0.42631483
    0.53750000    0.42631441
    0.53800000    0.42631429
    0.53850000    0.42631417
    0.53900000    0.42631387
    0.53950000    0.42631337
    0.54000000    0.42631280
    0.54050000    0.42631237
    0.54100000    0.42631222
    0.54150000    0.42631260
    0.54200000    0.42631356
    0.54250000    0.42631472
    0.54300000    0.42631545
    0.54350000    0.42631549
    0.54400000    0.42631513
    0.54450000    0.42631470
    0.54500000    0.42631446
    0.54550000    0.42631491
    0.54600000    0.42631626
    0.54650000    0.42631787
    0.54700000    0.42631900
    0.54750000    0.42631911
    0.54800000    0.42631852
    0.54850000    0.42631779
    0.54900000    0.42631731
    0.54950000    0.42631750
    0.55000000    0.42631835
    0.55050000    0.42631925
    0.55100000    0.42631967
    0.55150000    0.42631946
    0.55200000    0.42631896
    0.55250000    0.42631852
    0.55300000    0.42631838
    0.55350000    0.42631871
    0.55400000    0.42631927
    0.55450000    0.42631967
    0.55500000    0.42631958
    0.55550000    0.42631873
    0.55600000    0.42631752
    0.55650000    0.42631672
    0.55700000    0.42631675
    0.55750000    0.42631720
    0.55800000    0.42631752
    0.55850000    0.42631750
    0.55900000    0.42631691
    0.55950000    0.42631555
    0.56000000    0.42631399
    0.56050000    0.42631295
    0.56100000    0.42631339
    0.56150000    0.42631536
    0.56200000    0.42631747
    0.56250000    0.42631869
    0.56300000    0.42631819
    0.56350000    0.42631662
    0.56400000    0.42631512
    0.56450000    0.42631436
    0.56500000    0.42631512
    0.56550000    0.42631741
    0.56600000    0.42631961
    0.56650000    0.42632021
    0.56700000    0.42631884
    0.56750000    0.42631671
    0.56800000    0.42631507
    0.56850000    0.42631505
    0.56900000    0.42631652
    0.56950000    0.42631835
    0.57000000    0.42631962
    0.57050000    0.42631933
    0.57100000    0.42631708
    0.57150000    0.42631431
    0.57200000    0.42631268
    0.57250000    0.42631256
    0.57300000    0.42631317
    0.57350000    0.42631385
    0.57400000    0.42631403
    0.57450000    0.42631293
    0.57500000    0.42630987
    0.57550000    0.42630641
    0.57600000    0.42630465
    0.57650000    0.42630523
    0.57700000    0.42630709
    0.57750000    0.42630907
    0.57800000    0.42630992
    0.57850000    0.42630849
    0.57900000    0.42630484
    0.57950000    0.42630138
    0.58000000    0.42630034
    0.58050000    0.42630234
    0.58100000    0.42630580
    0.58150000    0.42630867
    0.58200000    0.42630837
    0.58250000    0.42630495
    0.58300000    0.42630082
    0.58350000    0.42629812
    0.58400000    0.42629844
    0.58450000    0.42630075
    0.58500000    0.42630333
    0.58550000    0.42630436
    0.58600000    0.42630222
    0.58650000    0.42629718
    0.58700000    0.42629255
    0.58750000    0.42629145
    0.58800000    0.42629311
    0.58850000    0.42629563
    0.58900000    0.42629759
    0.58950000    0.42629690
    0.59000000    0.42629208
    0.59050000    0.42628561
    0.59100000    0.42628136
    0.59150000    0.42628122
    0.59200000    0.42628341
    0.59250000    0.42628584
    0.59300000    0.42628675
    0.59350000    0.42628396
    0.59400000    0.42627652
    0.59450000    0.42626930
    0.59500000    0.42626722
    0.59550000    0.42626983
    0.59600000    0.42627422
    0.59650000    0.42627814
    0.59700000    0.42627859
    0.59750000    0.42627302
    0.59800000    0.42626329
    0.59850000    0.42625582
    0.59900000    0.42625496
    0.59950000    0.42625790
    0.60000000    0.42626169
    0.60050000    0.42626379
    0.60100000    0.42625978
    0.60150000    0.42624803
    0.60200000    0.42623659
    0.60250000    0.42623329
    0.60300000    0.42623665
    0.60350000    0.42624277
    0.60400000    0.42624803
    0.60450000    0.42624768
    0.60500000    0.42623642
    0.60550000    0.42621681
    0.60600000    0.42620259
    0.60650000    0.42620046
    0.60700000    0.42620416
    0.60750000    0.42620839
    0.60800000    0.42620924
    0.60850000    0.42620014
    0.60900000    0.42617733
    0.60950000    0.42615333
    0.61000000    0.42614259
    0.61050000    0.42614660
    0.61100000    0.42615761
    0.61150000    0.42616644
    0.61200000    0.42616014
    0.61250000    0.42614473
    0.61300000    0.42612801
    0.61350000    0.42611659
    0.61400000    0.42612088
    0.61450000    0.42614455
    0.61500000    0.42617265
    0.61550000    0.42619049
    0.61600000    0.42618835
    0.61650000    0.42617419
    0.61700000    0.42616242
    0.61750000    0.42616607
    0.61800000    0.42618458
    0.61850000    0.42620692
    0.61900000    0.42622295
    0.61950000    0.42621113
    0.62000000    0.42615409
    0.62050000    0.42607874
    0.62100000    0.42600042
    0.62150000    0.42591485
    0.62200000    0.42583614
    0.62250000    0.42578330
    0.62300000    0.42574595
    0.62350000    0.42569130
    0.62400000    0.42561758
    0.62450000    0.42555221
    0.62500000    0.42549454
    0.62550000    0.42540717
    0.62600000    0.42519672
    0.62650000    0.42465460
    0.62700000    0.42346182
    0.62750000    0.42112080
    0.62800000    0.41646625
    0.62850000    0.40685366
    0.62900000    0.38902270
    0.62950000    0.36395393
    0.63000000    0.33591280
    0.63050000    0.30974139
    0.63100000    0.28958947
    0.63150000    0.27728120
    0.63200000    0.27110048
    0.63250000    0.26823388
    0.63300000    0.26688758
    0.63350000    0.26619894
    0.63400000    0.26582355
    0.63450000    0.26560863
    0.63500000    0.26551730
    0.63550000    0.26551650
    0.63600000    0.26556915
    0.63650000    0.26565045
    0.63700000    0.26572292
    0.63750000    0.26576857
    0.63800000    0.26578821
    0.63850000    0.26578098
    0.63900000    0.26575667
    0.63950000    0.26572547
    0.64000000    0.26569298
    0.64050000    0.26565560
    0.64100000    0.26561930
    0.64150000    0.26559802
    0.64200000    0.26559681
    0.64250000    0.26560492
    0.64300000    0.26561154
    0.64350000    0.26560522
    0.64400000    0.26556801
    0.64450000    0.26550758
    0.64500000    0.26545780
    0.64550000    0.26544984
    0.64600000    0.26547666
    0.64650000    0.26552649
    0.64700000    0.26557685
    0.64750000    0.26559943
    0.64800000    0.26560421
    0.64850000    0.26560286
    0.64900000    0.26560007
    0.64950000    0.26560175
    0.65000000    0.26560467
    0.65050000    0.26560281
    0.65100000    0.26559528
    0.65150000    0.26558665
    0.65200000    0.26558109
    0.65250000    0.26557973
    0.65300000    0.26557891
    0.65350000    0.26557647
    0.65400000    0.26556752
    0.65450000    0.26555285
    0.65500000    0.26554061
    0.65550000    0.26553736
    0.65600000    0.26554454
    0.65650000    0.26555858
    0.65700000    0.26557243
    0.65750000    0.26557837
    0.65800000    0.26557938
    0.65850000    0.26557722
    0.65900000    0.26557421
    0.65950000    0.26557358
    0.66000000    0.26557538
    0.66050000    0.26557797
    0.66100000    0.26558083
    0.66150000    0.26558307
    0.66200000    0.26558380
    0.66250000    0.26558264
    0.66300000    0.26557970
    0.66350000    0.26557656
    0.66400000    0.26557320
    0.66450000    0.26556956
    0.66500000    0.26556639
    0.66550000    0.26556462
    0.66600000    0.26556601
    0.66650000    0.26557040
    0.66700000    0.26557627
    0.66750000    0.26558183
    0.66800000    0.26558432
    0.66850000    0.26558474
    0.66900000    0.26558312
    0.66950000    0.26558119
    0.67000000    0.26557954
    0.67050000    0.26557810
    0.67100000    0.26557804
    0.67150000    0.26557856
    0.67200000    0.26557873
    0.67250000    0.26557741
    0.67300000    0.26557468
    0.67350000    0.26557154
    0.67400000    0.26556860
    0.67450000    0.26556723
    0.67500000    0.26556842
    0.67550000    0.26557266
    0.67600000    0.26557743
    0.67650000    0.26558166
    0.67700000    0.26558314
    0.67750000    0.26558269
    0.67800000    0.26558199
    0.67850000    0.26558137
    0.67900000    0.26558150
    0.67950000    0.26558204
    0.68000000    0.26558139
    0.68050000    0.26558016
    0.68100000    0.26557732
    0.68150000    0.26557464
    0.68200000    0.26557395
    0.68250000    0.26557548
    0.68300000    0.26557799
    0.68350000    0.26557953
    0.68400000    0.26557882
    0.68450000    0.26557627
    0.68500000    0.26557356
    0.68550000    0.26557289
    0.68600000    0.26557485
    0.68650000    0.26557893
    0.68700000    0.26558263
    0.68750000    0.26558357
    0.68800000    0.26558034
    0.68850000    0.26557482
    0.68900000    0.26557039
    0.68950000    0.26556957
    0.69000000    0.26557235
    0.69050000    0.26557620
    0.69100000    0.26557862
    0.69150000    0.26557759
    0.69200000    0.26557376
    0.69250000    0.26557034
    0.69300000    0.26557021
    0.69350000    0.26557408
    0.69400000    0.26557982
    0.69450000    0.26558389
    0.69500000    0.26558339
    0.69550000    0.26557854
    0.69600000    0.26557276
    0.69650000    0.26556933
    0.69700000    0.26557099
    0.69750000    0.26557583
    0.69800000    0.26558004
    0.69850000    0.26557990
    0.69900000    0.26557513
    0.69950000    0.26556865
    0.70000000    0.26556446
    0.70050000    0.26556667
    0.70100000    0.26557435
    0.70150000    0.26558259
    0.70200000    0.26558710
    0.70250000    0.26558414
    0.70300000    0.26557648
    0.70350000    0.26556944
    0.70400000    0.26556827
    0.70450000    0.26557370
    0.70500000    0.26558149
    0.70550000    0.26558692
    0.70600000    0.26558474
    0.70650000    0.26557634
    0.70700000    0.26556757
    0.70750000    0.26556346
    0.70800000    0.26556789
    0.70850000    0.26557739
    0.70900000    0.26558567
    0.70950000    0.26558621
    0.71000000    0.26557871
    0.71050000    0.26556883
    0.71100000    0.26556234
    0.71150000    0.26556580
    0.71200000    0.26557650
    0.71250000    0.26558694
    0.71300000    0.26559071
    0.71350000    0.26558367
    0.71400000    0.26557090
    0.71450000    0.26556041
    0.71500000    0.26556056
    0.71550000    0.26557117
    0.71600000    0.26558444
    0.71650000    0.26559292
    0.71700000    0.26558853
    0.71750000    0.26557507
    0.71800000    0.26556196
    0.71850000    0.26555714
    0.71900000    0.26556616
    0.71950000    0.26558228
    0.72000000    0.26559550
    0.72050000    0.26559549
    0.72100000    0.26558224
    0.72150000    0.26556540
    0.72200000    0.26555457
    0.72250000    0.26556015
    0.72300000    0.26557729
    0.72350000    0.26559401
    0.72400000    0.26560006
    0.72450000    0.26558865
    0.72500000    0.26556847
    0.72550000    0.26555243
    0.72600000    0.26555394
    0.72650000    0.26557165
    0.72700000    0.26559282
    0.72750000    0.26560575
    0.72800000    0.26559769
    0.72850000    0.26557527
    0.72900000    0.26555423
    0.72950000    0.26554871
    0.73000000    0.26556460
    0.73050000    0.26558962
    0.73100000    0.26560887
    0.73150000    0.26560575
    0.73200000    0.26558244
    0.73250000    0.26555603
    0.73300000    0.26554252
    0.73350000    0.26555516
    0.73400000    0.26558349
    0.73450000    0.26560907
    0.73500000    0.26561524
    0.73550000    0.26559438
    0.73600000    0.26556250
    0.73650000    0.26554005
    0.73700000    0.26554589
    0.73750000    0.26557457
    0.73800000    0.26560611
    0.73850000    0.26562426
    0.73900000    0.26560949
    0.73950000    0.26557237
    0.74000000    0.26553970
    0.74050000    0.26553456
    0.74100000    0.26555983
    0.74150000    0.26559899
    0.74200000    0.26562939
    0.74250000    0.26562719
    0.74300000    0.26557793
    0.74350000    0.26548375
    0.74400000    0.26524815
    0.74450000    0.26403067
    0.74500000    0.25709406
    0.74550000    0.21566214
    0.74600000    0.14775855
    0.74650000    0.12769620
    0.74700000    0.12527650
    0.74750000    0.12502655
    0.74800000    0.12500253
    0.74850000    0.12500026
    0.74900000    0.12500002
    0.74950000    0.12500000
    0.75000000    0.12500000
    0.75050000    0.12500000
    0.75100000    0.12500000
    0.75150000    0.12500000
    0.75200000    0.12500000
    0.75250000    0.12500000
    0.75300000    0.12500000
    0.75350000    0.12500000
    0.75400000    0.12500000
    0.75450000    0.12500000
    0.75500000    0.12500000
    0.75550000    0.12500000
    0.75600000    0.12500000
    0.75650000    0.12500000
    0.75700000    0.12500000
    0.75750000    0.12500000
    0.75800000    0.12500000
    0.75850000    0.12500000
    0.75900000    0.12500000
    0.75950000    0.12500000
    0.76000000    0.12500000
    0.76050000    0.12500000
    0.76100000    0.12500000
    0.76150000    0.12500000
    0.76200000    0.12500000
    0.76250000    0.12500000
    0.76300000    0.12500000
    0.76350000    0.12500000
    0.76400000    0.12500000
    0.76450000    0.12500000
    0.76500000    0.12500000
    0.76550000    0.12500000
    0.76600000    0.12500000
    0.76650000    0.12500000
    0.76700000    0.12500000
    0.76750000    0.12500000
    0.76800000    0.12500000
    0.76850000    0.12500000
    0.76900000    0.12500000
    0.76950000    0.12500000
    0.77000000    0.12500000
    0.77050000    0.12500000
    0.77100000    0.12500000
    0.77150000    0.12500000
    0.77200000    0.12500000
    0.77250000    0.12500000
    0.77300000    0.12500000
    0.77350000    0.12500000
    0.77400000    0.12500000
    0.77450000    0.12500000
    0.77500000    0.12500000
    0.77550000    0.12500000
    0.77600000    0.12500000
    0.77650000    0.12500000
    0.77700000    0.12500000
    0.77750000    0.12500000
    0.77800000    0.12500000
    0.77850000    0.12500000
    0.77900000    0.12500000
    0.77950000    0.12500000
    0.78000000    0.12500000
    0.78050000    0.12500000
    0.78100000    0.12500000
    0.78150000    0.12500000
    0.78200000    0.12500000
    0.78250000    0.12500000
    0.78300000    0.12500000
    0.78350000    0.12500000
    0.78400000    0.12500000
    0.78450000    0.12500000
    0.78500000    0.12500000
    0.78550000    0.12500000
    0.78600000    0.12500000
    0.78650000    0.12500000
    0.78700000    0.12500000
    0.78750000    0.12500000
    0.78800000    0.12500000
    0.78850000    0.12500000
    0.78900000    0.12500000
    0.78950000    0.12500000
    0.79000000    0.12500000
    0.79050000    0.12500000
    0.79100000    0.12500000
    0.79150000    0.12500000
    0.79200000    0.12500000
    0.79250000    0.12500000
    0.79300000    0.12500000
    0.79350000    0.12500000
    0.79400000    0.12500000
    0.79450000    0.12500000
    0.79500000    0.12500000
    0.79550000    0.12500000
    0.79600000    0.12500000
    0.79650000    0.12500000
    0.79700000    0.12500000
    0.79750000    0.12500000
    0.79800000    0.12500000
    0.79850000    0.12500000
    0.79900000    0.12500000
    0.79950000    0.12500000
    0.80000000    0.12500000
    0.80050000    0.12500000
    0.80100000    0.12500000
    0.80150000    0.12500000
    0.80200000    0.12500000
    0.80250000    0.12500000
    0.80300000    0.12500000
    0.80350000    0.12500000
    0.80400000    0.12500000
    0.80450000    0.12500000
    0.80500000    0.12500000
    0.80550000    0.12500000
    0.80600000    0.12500000
    0.80650000    0.12500000
    0.80700000    0.12500000
    0.80750000    0.12500000
    0.80800000    0.12500000
    0.80850000    0.12500000
    0.80900000    0.12500000
    0.80950000    0.12500000
    0.81000000    0.12500000
    0.81050000    0.12500000
    0.81100000    0.12500000
    0.81150000    0.12500000
    0.81200000    0.12500000
    0.81250000    0.12500000
    0.81300000    0.12500000
    0.81350000    0.12500000
    0.81400000    0.12500000
    0.81450000    0.12500000
    0.81500000    0.12500000
    0.81550000    0.12500000
    0.81600000    0.12500000
    0.81650000    0.12500000
    0.81700000    0.12500000
    0.81750000    0.12500000
    0.81800000    0.12500000
    0.81850000    0.12500000
    0.81900000    0.12500000
    0.81950000    0.12500000
    0.82000000    0.12500000
    0.82050000    0.12500000
    0.82100000    0.12500000
    0.82150000    0.12500000
    0.82200000    0.12500000
    0.82250000    0.12500000
    0.82300000    0.12500000
    0.82350000    0.12500000
    0.82400000    0.12500000
    0.82450000    0.12500000
    0.82500000    0.12500000
    0.82550000    0.12500000
    0.82600000    0.12500000
    0.82650000    0.12500000
    0.82700000    0.12500000
    0.82750000    0.12500000
    0.82800000    0.12500000
    0.82850000    0.12500000
    0.82900000    0.12500000
    0.82950000    0.12500000
    0.83000000    0.12500000
    0.83050000    0.12500000
    0.83100000    0.12500000
    0.83150000    0.12500000
    0.83200000    0.12500000
    0.83250000    0.12500000
    0.83300000    0.12500000
    0.83350000    0.12500000
    0.83400000    0.12500000
    0.83450000    0.12500000
    0.83500000    0.12500000
    0.83550000    0.12500000
    0.83600000    0.12500000
    0.83650000    0.12500000
    0.83700000    0.12500000
    0.83750000    0.12500000
    0.83800000    0.12500000
    0.83850000    0.12500000
    0.83900000    0.12500000
    0.83950000    0.12500000
    0.84000000    0.12500000
    0.84050000    0.12500000
    0.84100000    0.12500000
    0.84150000    0.12500000
    0.84200000    0.12500000
    0.84250000    0.12500000
    0.84300000    0.12500000
    0.84350000    0.12500000
    0.84400000    0.12500000
    0.84450000    0.12500000
    0.84500000    0.12500000
    0.84550000    0.12500000
    0.84600000    0.12500000
    0.84650000    0.12500000
    0.84700000    0.12500000
    0.84750000    0.12500000
    0.84800000    0.12500000
    0.84850000    0.12500000
    0.84900000    0.12500000
    0.84950000    0.12500000
    0.85000000    0.12500000
    0.85050000    0.12500000
    0.85100000    0.12500000
    0.85150000    0.12500000
    0.85200000    0.12500000
    0.85250000    0.12500000
    0.85300000    0.12500000
    0.85350000    0.12500000
    0.85400000    0.12500000
    0.85450000    0.12500000
    0.85500000    0.12500000
    0.85550000    0.12500000
    0.85600000    0.12500000
    0.85650000    0.12500000
    0.85700000    0.12500000
    0.85750000    0.12500000
    0.85800000    0.12500000
    0.85850000    0.12500000
    0.85900000    0.12500000
    0.85950000    0.12500000
    0.86000000    0.12500000
    0.86050000    0.12500000
    0.86100000    0.12500000
    0.86150000    0.12500000
    0.86200000    0.12500000
    0.86250000    0.12500000
    0.86300000    0.12500000
    0.86350000    0.12500000
    0.86400000    0.12500000
    0.86450000    0.12500000
    0.86500000    0.12500000
    0.86550000    0.12500000
    0.86600000    0.12500000
    0.86650000    0.12500000
    0.86700000    0.12500000
    0.86750000    0.12500000
    0.86800000    0.12500000
    0.86850000    0.12500000
    0.86900000    0.12500000
    0.86950000    0.12500000
    0.87000000    0.12500000
    0.87050000    0.12500000
    0.87100000    0.12500000
    0.87150000    0.12500000
    0.87200000    0.12500000
    0.87250000    0.12500000
    0.87300000    0.12500000
    0.87350000    0.12500000
    0.87400000    0.12500000
    0.87450000    0.12500000
    0.87500000    0.12500000
    0.87550000    0.12500000
    0.87600000    0.12500000
    0.87650000    0.12500000
    0.87700000    0.12500000
    0.87750000    0.12500000
    0.87800000    0.12500000
    0.87850000    0.12500000
    0.87900000    0.12500000
    0.87950000    0.12500000
    0.88000000    0.12500000
    0.88050000    0.12500000
    0.88100000    0.12500000
    0.88150000    0.12500000
    0.88200000    0.12500000
    0.88250000    0.12500000
    0.88300000    0.12500000
    0.88350000    0.12500000
    0.88400000    0.12500000
    0.88450000    0.12500000
    0.88500000    0.12500000
    0.88550000    0.12500000
    0.88600000    0.12500000
    0.88650000    0.12500000
    0.88700000    0.12500000
    0.88750000    0.12500000
    0.88800000    0.12500000
    0.88850000    0.12500000
    0.88900000    0.12500000
    0.88950000    0.12500000
    0.89000000    0.12500000
    0.89050000    0.12500000
    0.89100000    0.12500000
    0.89150000    0.12500000
    0.89200000    0.12500000
    0.89250000    0.12500000
    0.89300000    0.12500000
    0.89350000    0.12500000
    0.89400000    0.12500000
    0.89450000    0.12500000
    0.89500000    0.12500000
    0.89550000    0.12500000
    0.89600000    0.12500000
    0.89650000    0.12500000
    0.89700000    0.12500000
    0.89750000    0.12500000
    0.89800000    0.12500000
    0.89850000    0.12500000
    0.89900000    0.12500000
    0.89950000    0.12500000
    0.90000000    0.12500000
    0.90050000    0.12500000
    0.90100000    0.12500000
    0.90150000    0.12500000
    0.90200000    0.12500000
    0.90250000    0.12500000
    0.90300000    0.12500000
    0.90350000    0.12500000
    0.90400000    0.12500000
    0.90450000    0.12500000
    0.90500000    0.12500000
    0.90550000    0.12500000
    0.90600000    0.12500000
    0.90650000    0.12500000
    0.90700000    0.12500000
    0.90750000    0.12500000
    0.90800000    0.12500000
    0.90850000    0.12500000
    0.90900000    0.12500000
    0.90950000    0.12500000
    0.91000000    0.12500000
    0.91050000    0.12500000
    0.91100000    0.12500000
    0.91150000    0.12500000
    0.91200000    0.12500000
    0.91250000    0.12500000
    0.91300000    0.12500000
    0.91350000    0.12500000
    0.91400000    0.12500000
    0.91450000    0.12500000
    0.91500000    0.12500000
    0.91550000    0.12500000
    0.91600000    0.12500000
    0.91650000    0.12500000
    0.91700000    0.12500000
    0.91750000    0.12500000
    0.91800000    0.12500000
    0.91850000    0.12500000
    0.91900000    0.12500000
    0.91950000    0.12500000
    0.92000000    0.12500000
    0.92050000    0.12500000
    0.92100000    0.12500000
    0.92150000    0.12500000
    0.92200000    0.12500000
    0.92250000    0.12500000
    0.92300000    0.12500000
    0.92350000    0.12500000
    0.92400000    0.12500000
    0.92450000    0.12500000
    0.92500000    0.12500000
    0.92550000    0.12500000
    0.92600000    0.12500000
    0.92650000    0.12500000
    0.92700000    0.12500000
    0.92750000    0.12500000
    0.92800000    0.12500000
    0.92850000    0.12500000
    0.92900000    0.12500000
    0.92950000    0.12500000
    0.93000000    0.12500000
    0.93050000    0.12500000
    0.93100000    0.12500000
    0.93150000    0.12500000
    0.93200000    0.12500000
    0.93250000    0.12500000
    0.93300000    0.12500000
    0.93350000    0.12500000
    0.93400000    0.12500000
    0.93450000    0.12500000
    0.93500000    0.12500000
    0.93550000    0.12500000
    0.93600000    0.12500000
    0.93650000    0.12500000
    0.93700000    0.12500000
    0.93750000    0.12500000
    0.93800000    0.12500000
    0.93850000    0.12500000
    0.93900000    0.12500000
    0.93950000    0.12500000
    0.94000000    0.12500000
    0.94050000    0.12500000
    0.94100000    0.12500000
    0.94150000    0.12500000
    0.94200000    0.12500000
    0.94250000    0.12500000
    0.94300000    0.12500000
    0.94350000    0.12500000
    0.94400000    0.12500000
    0.94450000    0.12500000
    0.94500000    0.12500000
    0.94550000    0.12500000
    0.94600000    0.12500000
    0.94650000    0.12500000
    0.94700000    0.12500000
    0.94750000    0.12500000
    0.94800000    0.12500000
    0.94850000    0.12500000
    0.94900000    0.12500000
    0.94950000    0.12500000
    0.95000000    0.12500000
    0.95050000    0.12500000
    0.95100000    0.12500000
    0.95150000    0.12500000
    0.95200000    0.12500000
    0.95250000    0.12500000
    0.95300000    0.12500000
    0.95350000    0.12500000
    0.95400000    0.12500000
    0.95450000    0.12500000
    0.95500000    0.12500000
    0.95550000    0.12500000
    0.95600000    0.12500000
    0.95650000    0.12500000
    0.95700000    0.12500000
    0.95750000    0.12500000
    0.95800000    0.12500000
    0.95850000    0.12500000
    0.95900000    0.12500000
    0.95950000    0.12500000
    0.96000000    0.12500000
    0.96050000    0.12500000
    0.96100000    0.12500000
    0.96150000    0.12500000
    0.96200000    0.12500000
    0.96250000    0.12500000
    0.96300000    0.12500000
    0.96350000    0.12500000
    0.96400000    0.12500000
    0.96450000    0.12500000
    0.96500000    0.12500000
    0.96550000    0.12500000
    0.96600000    0.12500000
    0.96650000    0.12500000
    0.96700000    0.12500000
    0.96750000    0.12500000
    0.96800000    0.12500000
    0.96850000    0.12500000
    0.96900000    0.12500000
    0.96950000    0.12500000
    0.97000000    0.12500000
    0.97050000    0.12500000
    0.97100000    0.12500000
    0.97150000    0.12500000
    0.97200000    0.12500000
    0.97250000    0.12500000
    0.97300000    0.12500000
    0.97350000    0.12500000
    0.97400000    0.12500000
    0.97450000    0.12500000
    0.97500000    0.12500000
    0.97550000    0.12500000
    0.97600000    0.12500000
    0.97650000    0.12500000
    0.97700000    0.12500000
    0.97750000    0.12500000
    0.97800000    0.12500000
    0.97850000    0.12500000
    0.97900000    0.12500000
    0.97950000    0.12500000
    0.98000000    0.12500000
    0.98050000    0.12500000
    0.98100000    0.12500000
    0.98150000    0.12500000
    0.98200000    0.12500000
    0.98250000    0.12500000
    0.98300000    0.12500000
    0.98350000    0.12500000
    0.98400000    0.12500000
    0.98450000    0.12500000
    0.98500000    0.12500000
    0.98550000    0.12500000
    0.98600000    0.12500000
    0.98650000    0.12500000
    0.98700000    0.12500000
    0.98750000    0.12500000
    0.98800000    0.12500000
    0.98850000    0.12500000
    0.98900000    0.12500000
    0.98950000    0.12500000
    0.99000000    0.12500000
    0.99050000    0.12500000
    0.99100000    0.12500000
    0.99150000    0.12500000
    0.99200000    0.12500000
    0.99250000    0.12500000
    0.99300000    0.12500000
    0.99350000    0.12500000
    0.99400000    0.12500000
    0.99450000    0.12500000
    0.99500000    0.12500000
    0.99550000    0.12500000
    0.99600000    0.12500000
    0.99650000    0.12500000
    0.99700000    0.12500000
    0.99750000    0.12500000
    0.99800000    0.12500000
    0.99850000    0.12500000
    0.99900000    0.12500000
    0.99950000    0.12500000
    1.00000000    0.12500000
