 variables = "x" "rho" 
    0.00000000    1.00000000
    0.00500000    1.00000000
    0.01000000    1.00000000
    0.01500000    1.00000000
    0.02000000    1.00000000
    0.02500000    1.00000000
    0.03000000    1.00000000
    0.03500000    1.00000000
    0.04000000    1.00000000
    0.04500000    1.00000000
    0.05000000    1.00000000
    0.05500000    1.00000000
    0.06000000    1.00000000
    0.06500000    1.00000000
    0.07000000    1.00000000
    0.07500000    1.00000000
    0.08000000    1.00000000
    0.08500000    1.00000000
    0.09000000    1.00000000
    0.09500000    1.00000000
    0.10000000    1.00000000
    0.10500000    1.00000000
    0.11000000    1.00000000
    0.11500000    1.00000000
    0.12000000    1.00000000
    0.12500000    1.00000000
    0.13000000    1.00000000
    0.13500000    1.00000000
    0.14000000    1.00000000
    0.14500000    1.00000000
    0.15000000    1.00000000
    0.15500000    1.00000000
    0.16000000    1.00000000
    0.16500000    1.00000000
    0.17000000    1.00000000
    0.17500000    1.00000000
    0.18000000    1.00000000
    0.18500000    1.00000000
    0.19000000    1.00000000
    0.19500000    1.00000000
    0.20000000    1.00000000
    0.20500000    1.00000000
    0.21000000    1.00000000
    0.21500000    1.00000000
    0.22000000    1.00000000
    0.22500000    1.00000000
    0.23000000    1.00000000
    0.23500000    1.00000000
    0.24000000    1.00000000
    0.24500000    1.00000000
    0.25000000    1.00000000
    0.25500000    1.00000000
    0.26000000    1.00000000
    0.26500000    1.00000000
    0.27000000    1.00000000
    0.27500000    1.00000000
    0.28000000    0.99999998
    0.28500000    0.99999983
    0.29000000    0.99999927
    0.29500000    0.99999719
    0.30000000    0.99998953
    0.30500000    0.99996262
    0.31000000    0.99987282
    0.31500000    0.99958976
    0.32000000    0.99875480
    0.32500000    0.99650246
    0.33000000    0.99064985
    0.33500000    0.97906675
    0.34000000    0.96247802
    0.34500000    0.94326906
    0.35000000    0.92284893
    0.35500000    0.90200506
    0.36000000    0.88116306
    0.36500000    0.86000185
    0.37000000    0.83955536
    0.37500000    0.81801534
    0.38000000    0.79893909
    0.38500000    0.77784928
    0.39000000    0.76140449
    0.39500000    0.74220119
    0.40000000    0.72537443
    0.40500000    0.70768890
    0.41000000    0.68813783
    0.41500000    0.67175006
    0.42000000    0.65479536
    0.42500000    0.63575857
    0.43000000    0.62132014
    0.43500000    0.60417557
    0.44000000    0.58634193
    0.44500000    0.56987339
    0.45000000    0.55722452
    0.45500000    0.54158807
    0.46000000    0.52504484
    0.46500000    0.51020219
    0.47000000    0.49958882
    0.47500000    0.48312434
    0.48000000    0.46441882
    0.48500000    0.45493782
    0.49000000    0.44800261
    0.49500000    0.43565341
    0.50000000    0.42799361
    0.50500000    0.42609195
    0.51000000    0.42793281
    0.51500000    0.42777430
    0.52000000    0.42595227
    0.52500000    0.42562417
    0.53000000    0.42652736
    0.53500000    0.42664739
    0.54000000    0.42596892
    0.54500000    0.42541735
    0.55000000    0.42531152
    0.55500000    0.42560843
    0.56000000    0.42604179
    0.56500000    0.42655048
    0.57000000    0.42670209
    0.57500000    0.42606871
    0.58000000    0.42420806
    0.58500000    0.42285351
    0.59000000    0.42361827
    0.59500000    0.42484659
    0.60000000    0.42539018
    0.60500000    0.42492867
    0.61000000    0.42370631
    0.61500000    0.42142669
    0.62000000    0.41609162
    0.62500000    0.40053929
    0.63000000    0.36139143
    0.63500000    0.30747088
    0.64000000    0.27131940
    0.64500000    0.26244379
    0.65000000    0.26126396
    0.65500000    0.26329747
    0.66000000    0.26589410
    0.66500000    0.26730115
    0.67000000    0.26714228
    0.67500000    0.26600991
    0.68000000    0.26479519
    0.68500000    0.26426183
    0.69000000    0.26459483
    0.69500000    0.26542268
    0.70000000    0.26626154
    0.70500000    0.26666737
    0.71000000    0.26641621
    0.71500000    0.26574266
    0.72000000    0.26504150
    0.72500000    0.26487661
    0.73000000    0.26532504
    0.73500000    0.26578853
    0.74000000    0.26532935
    0.74500000    0.24946209
    0.75000000    0.16441227
    0.75500000    0.12788385
    0.76000000    0.12522802
    0.76500000    0.12501541
    0.77000000    0.12500105
    0.77500000    0.12500008
    0.78000000    0.12500000
    0.78500000    0.12500000
    0.79000000    0.12500000
    0.79500000    0.12500000
    0.80000000    0.12500000
    0.80500000    0.12500000
    0.81000000    0.12500000
    0.81500000    0.12500000
    0.82000000    0.12500000
    0.82500000    0.12500000
    0.83000000    0.12500000
    0.83500000    0.12500000
    0.84000000    0.12500000
    0.84500000    0.12500000
    0.85000000    0.12500000
    0.85500000    0.12500000
    0.86000000    0.12500000
    0.86500000    0.12500000
    0.87000000    0.12500000
    0.87500000    0.12500000
    0.88000000    0.12500000
    0.88500000    0.12500000
    0.89000000    0.12500000
    0.89500000    0.12500000
    0.90000000    0.12500000
    0.90500000    0.12500000
    0.91000000    0.12500000
    0.91500000    0.12500000
    0.92000000    0.12500000
    0.92500000    0.12500000
    0.93000000    0.12500000
    0.93500000    0.12500000
    0.94000000    0.12500000
    0.94500000    0.12500000
    0.95000000    0.12500000
    0.95500000    0.12500000
    0.96000000    0.12500000
    0.96500000    0.12500000
    0.97000000    0.12500000
    0.97500000    0.12500000
    0.98000000    0.12500000
    0.98500000    0.12500000
    0.99000000    0.12500000
    0.99500000    0.12500000
    1.00000000    0.12500000
