 variables = "x" "rho" 
    0.00000000    1.00000000
    0.00500000    1.00000000
    0.01000000    1.00000000
    0.01500000    1.00000000
    0.02000000    1.00000000
    0.02500000    1.00000000
    0.03000000    1.00000000
    0.03500000    1.00000000
    0.04000000    1.00000000
    0.04500000    1.00000000
    0.05000000    1.00000000
    0.05500000    1.00000000
    0.06000000    1.00000000
    0.06500000    1.00000000
    0.07000000    1.00000000
    0.07500000    1.00000000
    0.08000000    1.00000000
    0.08500000    1.00000000
    0.09000000    1.00000000
    0.09500000    1.00000000
    0.10000000    1.00000000
    0.10500000    1.00000000
    0.11000000    1.00000000
    0.11500000    1.00000000
    0.12000000    1.00000000
    0.12500000    1.00000000
    0.13000000    1.00000000
    0.13500000    1.00000000
    0.14000000    1.00000000
    0.14500000    1.00000000
    0.15000000    1.00000000
    0.15500000    1.00000000
    0.16000000    1.00000000
    0.16500000    1.00000000
    0.17000000    1.00000000
    0.17500000    1.00000000
    0.18000000    1.00000000
    0.18500000    1.00000000
    0.19000000    1.00000000
    0.19500000    1.00000000
    0.20000000    1.00000000
    0.20500000    1.00000000
    0.21000000    1.00000000
    0.21500000    1.00000000
    0.22000000    1.00000000
    0.22500000    1.00000000
    0.23000000    1.00000000
    0.23500000    1.00000000
    0.24000000    1.00000000
    0.24500000    1.00000000
    0.25000000    1.00000000
    0.25500000    1.00000000
    0.26000000    1.00000000
    0.26500000    1.00000001
    0.27000000    1.00000000
    0.27500000    0.99999992
    0.28000000    0.99999964
    0.28500000    0.99999877
    0.29000000    0.99999604
    0.29500000    0.99998765
    0.30000000    0.99996268
    0.30500000    0.99989095
    0.31000000    0.99969307
    0.31500000    0.99917211
    0.32000000    0.99787407
    0.32500000    0.99481493
    0.33000000    0.98809984
    0.33500000    0.97647985
    0.34000000    0.96071511
    0.34500000    0.94225899
    0.35000000    0.92235832
    0.35500000    0.90181965
    0.36000000    0.88109170
    0.36500000    0.86041819
    0.37000000    0.83994032
    0.37500000    0.81974334
    0.38000000    0.79987386
    0.38500000    0.78034794
    0.39000000    0.76115661
    0.39500000    0.74227588
    0.40000000    0.72367977
    0.40500000    0.70535398
    0.41000000    0.68730640
    0.41500000    0.66956755
    0.42000000    0.65219021
    0.42500000    0.63516835
    0.43000000    0.61846362
    0.43500000    0.60179511
    0.44000000    0.58532730
    0.44500000    0.56877688
    0.45000000    0.55231854
    0.45500000    0.53838111
    0.46000000    0.52358770
    0.46500000    0.51057919
    0.47000000    0.50104818
    0.47500000    0.48588869
    0.48000000    0.47223244
    0.48500000    0.46415286
    0.49000000    0.45506135
    0.49500000    0.44174832
    0.50000000    0.43353601
    0.50500000    0.43084340
    0.51000000    0.42899907
    0.51500000    0.42684634
    0.52000000    0.42591449
    0.52500000    0.42663632
    0.53000000    0.42771115
    0.53500000    0.42738595
    0.54000000    0.42574581
    0.54500000    0.42450608
    0.55000000    0.42444310
    0.55500000    0.42528993
    0.56000000    0.42577403
    0.56500000    0.42537647
    0.57000000    0.42512346
    0.57500000    0.42574757
    0.58000000    0.42651980
    0.58500000    0.42663836
    0.59000000    0.42585251
    0.59500000    0.42453906
    0.60000000    0.42349725
    0.60500000    0.42282166
    0.61000000    0.42210125
    0.61500000    0.42023370
    0.62000000    0.41388112
    0.62500000    0.39424183
    0.63000000    0.35323653
    0.63500000    0.30641933
    0.64000000    0.27411560
    0.64500000    0.26330500
    0.65000000    0.26126940
    0.65500000    0.26215188
    0.66000000    0.26413320
    0.66500000    0.26613842
    0.67000000    0.26719990
    0.67500000    0.26709715
    0.68000000    0.26637725
    0.68500000    0.26545518
    0.69000000    0.26475687
    0.69500000    0.26453656
    0.70000000    0.26477679
    0.70500000    0.26532871
    0.71000000    0.26600040
    0.71500000    0.26653484
    0.72000000    0.26675351
    0.72500000    0.26661501
    0.73000000    0.26609776
    0.73500000    0.26493362
    0.74000000    0.26138869
    0.74500000    0.24239645
    0.75000000    0.17430014
    0.75500000    0.13199640
    0.76000000    0.12579637
    0.76500000    0.12507806
    0.77000000    0.12500748
    0.77500000    0.12500073
    0.78000000    0.12500007
    0.78500000    0.12500000
    0.79000000    0.12500000
    0.79500000    0.12500000
    0.80000000    0.12500000
    0.80500000    0.12500000
    0.81000000    0.12500000
    0.81500000    0.12500000
    0.82000000    0.12500000
    0.82500000    0.12500000
    0.83000000    0.12500000
    0.83500000    0.12500000
    0.84000000    0.12500000
    0.84500000    0.12500000
    0.85000000    0.12500000
    0.85500000    0.12500000
    0.86000000    0.12500000
    0.86500000    0.12500000
    0.87000000    0.12500000
    0.87500000    0.12500000
    0.88000000    0.12500000
    0.88500000    0.12500000
    0.89000000    0.12500000
    0.89500000    0.12500000
    0.90000000    0.12500000
    0.90500000    0.12500000
    0.91000000    0.12500000
    0.91500000    0.12500000
    0.92000000    0.12500000
    0.92500000    0.12500000
    0.93000000    0.12500000
    0.93500000    0.12500000
    0.94000000    0.12500000
    0.94500000    0.12500000
    0.95000000    0.12500000
    0.95500000    0.12500000
    0.96000000    0.12500000
    0.96500000    0.12500000
    0.97000000    0.12500000
    0.97500000    0.12500000
    0.98000000    0.12500000
    0.98500000    0.12500000
    0.99000000    0.12500000
    0.99500000    0.12500000
    1.00000000    0.12500000
