 variables = "x" "rho" 
   -5.00000000    0.44500000
   -4.99500000    0.44500000
   -4.99000000    0.44500000
   -4.98500000    0.44500000
   -4.98000000    0.44500000
   -4.97500000    0.44500000
   -4.97000000    0.44500000
   -4.96500000    0.44500000
   -4.96000000    0.44500000
   -4.95500000    0.44500000
   -4.95000000    0.44500000
   -4.94500000    0.44500000
   -4.94000000    0.44500000
   -4.93500000    0.44500000
   -4.93000000    0.44500000
   -4.92500000    0.44500000
   -4.92000000    0.44500000
   -4.91500000    0.44500000
   -4.91000000    0.44500000
   -4.90500000    0.44500000
   -4.90000000    0.44500000
   -4.89500000    0.44500000
   -4.89000000    0.44500000
   -4.88500000    0.44500000
   -4.88000000    0.44500000
   -4.87500000    0.44500000
   -4.87000000    0.44500000
   -4.86500000    0.44500000
   -4.86000000    0.44500000
   -4.85500000    0.44500000
   -4.85000000    0.44500000
   -4.84500000    0.44500000
   -4.84000000    0.44500000
   -4.83500000    0.44500000
   -4.83000000    0.44500000
   -4.82500000    0.44500000
   -4.82000000    0.44500000
   -4.81500000    0.44500000
   -4.81000000    0.44500000
   -4.80500000    0.44500000
   -4.80000000    0.44500000
   -4.79500000    0.44500000
   -4.79000000    0.44500000
   -4.78500000    0.44500000
   -4.78000000    0.44500000
   -4.77500000    0.44500000
   -4.77000000    0.44500000
   -4.76500000    0.44500000
   -4.76000000    0.44500000
   -4.75500000    0.44500000
   -4.75000000    0.44500000
   -4.74500000    0.44500000
   -4.74000000    0.44500000
   -4.73500000    0.44500000
   -4.73000000    0.44500000
   -4.72500000    0.44500000
   -4.72000000    0.44500000
   -4.71500000    0.44500000
   -4.71000000    0.44500000
   -4.70500000    0.44500000
   -4.70000000    0.44500000
   -4.69500000    0.44500000
   -4.69000000    0.44500000
   -4.68500000    0.44500000
   -4.68000000    0.44500000
   -4.67500000    0.44500000
   -4.67000000    0.44500000
   -4.66500000    0.44500000
   -4.66000000    0.44500000
   -4.65500000    0.44500000
   -4.65000000    0.44500000
   -4.64500000    0.44500000
   -4.64000000    0.44500000
   -4.63500000    0.44500000
   -4.63000000    0.44500000
   -4.62500000    0.44500000
   -4.62000000    0.44500000
   -4.61500000    0.44500000
   -4.61000000    0.44500000
   -4.60500000    0.44500000
   -4.60000000    0.44500000
   -4.59500000    0.44500000
   -4.59000000    0.44500000
   -4.58500000    0.44500000
   -4.58000000    0.44500000
   -4.57500000    0.44500000
   -4.57000000    0.44500000
   -4.56500000    0.44500000
   -4.56000000    0.44500000
   -4.55500000    0.44500000
   -4.55000000    0.44500000
   -4.54500000    0.44500000
   -4.54000000    0.44500000
   -4.53500000    0.44500000
   -4.53000000    0.44500000
   -4.52500000    0.44500000
   -4.52000000    0.44500000
   -4.51500000    0.44500000
   -4.51000000    0.44500000
   -4.50500000    0.44500000
   -4.50000000    0.44500000
   -4.49500000    0.44500000
   -4.49000000    0.44500000
   -4.48500000    0.44500000
   -4.48000000    0.44500000
   -4.47500000    0.44500000
   -4.47000000    0.44500000
   -4.46500000    0.44500000
   -4.46000000    0.44500000
   -4.45500000    0.44500000
   -4.45000000    0.44500000
   -4.44500000    0.44500000
   -4.44000000    0.44500000
   -4.43500000    0.44500000
   -4.43000000    0.44500000
   -4.42500000    0.44500000
   -4.42000000    0.44500000
   -4.41500000    0.44500000
   -4.41000000    0.44500000
   -4.40500000    0.44500000
   -4.40000000    0.44500000
   -4.39500000    0.44500000
   -4.39000000    0.44500000
   -4.38500000    0.44500000
   -4.38000000    0.44500000
   -4.37500000    0.44500000
   -4.37000000    0.44500000
   -4.36500000    0.44500000
   -4.36000000    0.44500000
   -4.35500000    0.44500000
   -4.35000000    0.44500000
   -4.34500000    0.44500000
   -4.34000000    0.44500000
   -4.33500000    0.44500000
   -4.33000000    0.44500000
   -4.32500000    0.44500000
   -4.32000000    0.44500000
   -4.31500000    0.44500000
   -4.31000000    0.44500000
   -4.30500000    0.44500000
   -4.30000000    0.44500000
   -4.29500000    0.44500000
   -4.29000000    0.44500000
   -4.28500000    0.44500000
   -4.28000000    0.44500000
   -4.27500000    0.44500000
   -4.27000000    0.44500000
   -4.26500000    0.44500000
   -4.26000000    0.44500000
   -4.25500000    0.44500000
   -4.25000000    0.44500000
   -4.24500000    0.44500000
   -4.24000000    0.44500000
   -4.23500000    0.44500000
   -4.23000000    0.44500000
   -4.22500000    0.44500000
   -4.22000000    0.44500000
   -4.21500000    0.44500000
   -4.21000000    0.44500000
   -4.20500000    0.44500000
   -4.20000000    0.44500000
   -4.19500000    0.44500000
   -4.19000000    0.44500000
   -4.18500000    0.44500000
   -4.18000000    0.44500000
   -4.17500000    0.44500000
   -4.17000000    0.44500000
   -4.16500000    0.44500000
   -4.16000000    0.44500000
   -4.15500000    0.44500000
   -4.15000000    0.44500000
   -4.14500000    0.44500000
   -4.14000000    0.44500000
   -4.13500000    0.44500000
   -4.13000000    0.44500000
   -4.12500000    0.44500000
   -4.12000000    0.44500000
   -4.11500000    0.44500000
   -4.11000000    0.44500000
   -4.10500000    0.44500000
   -4.10000000    0.44500000
   -4.09500000    0.44500000
   -4.09000000    0.44500000
   -4.08500000    0.44500000
   -4.08000000    0.44500000
   -4.07500000    0.44500000
   -4.07000000    0.44500000
   -4.06500000    0.44500000
   -4.06000000    0.44500000
   -4.05500000    0.44500000
   -4.05000000    0.44500000
   -4.04500000    0.44500000
   -4.04000000    0.44500000
   -4.03500000    0.44500000
   -4.03000000    0.44500000
   -4.02500000    0.44500000
   -4.02000000    0.44500000
   -4.01500000    0.44500000
   -4.01000000    0.44500000
   -4.00500000    0.44500000
   -4.00000000    0.44500000
   -3.99500000    0.44500000
   -3.99000000    0.44500000
   -3.98500000    0.44500000
   -3.98000000    0.44500000
   -3.97500000    0.44500000
   -3.97000000    0.44500000
   -3.96500000    0.44500000
   -3.96000000    0.44500000
   -3.95500000    0.44500000
   -3.95000000    0.44500000
   -3.94500000    0.44500000
   -3.94000000    0.44500000
   -3.93500000    0.44500000
   -3.93000000    0.44500000
   -3.92500000    0.44500000
   -3.92000000    0.44500000
   -3.91500000    0.44500000
   -3.91000000    0.44500000
   -3.90500000    0.44500000
   -3.90000000    0.44500000
   -3.89500000    0.44500000
   -3.89000000    0.44500000
   -3.88500000    0.44500000
   -3.88000000    0.44500000
   -3.87500000    0.44500000
   -3.87000000    0.44500000
   -3.86500000    0.44500000
   -3.86000000    0.44500000
   -3.85500000    0.44500000
   -3.85000000    0.44500000
   -3.84500000    0.44500000
   -3.84000000    0.44500000
   -3.83500000    0.44500000
   -3.83000000    0.44500000
   -3.82500000    0.44500000
   -3.82000000    0.44500000
   -3.81500000    0.44500000
   -3.81000000    0.44500000
   -3.80500000    0.44500000
   -3.80000000    0.44500000
   -3.79500000    0.44500000
   -3.79000000    0.44500000
   -3.78500000    0.44500000
   -3.78000000    0.44500000
   -3.77500000    0.44500000
   -3.77000000    0.44500000
   -3.76500000    0.44500000
   -3.76000000    0.44500000
   -3.75500000    0.44500000
   -3.75000000    0.44500000
   -3.74500000    0.44500000
   -3.74000000    0.44500000
   -3.73500000    0.44500000
   -3.73000000    0.44500000
   -3.72500000    0.44500000
   -3.72000000    0.44500000
   -3.71500000    0.44500000
   -3.71000000    0.44500000
   -3.70500000    0.44500000
   -3.70000000    0.44500000
   -3.69500000    0.44500000
   -3.69000000    0.44500000
   -3.68500000    0.44500000
   -3.68000000    0.44500000
   -3.67500000    0.44500000
   -3.67000000    0.44500000
   -3.66500000    0.44500000
   -3.66000000    0.44500000
   -3.65500000    0.44500000
   -3.65000000    0.44500000
   -3.64500000    0.44500000
   -3.64000000    0.44500000
   -3.63500000    0.44500000
   -3.63000000    0.44500000
   -3.62500000    0.44500000
   -3.62000000    0.44500000
   -3.61500000    0.44500000
   -3.61000000    0.44500000
   -3.60500000    0.44500000
   -3.60000000    0.44500000
   -3.59500000    0.44500000
   -3.59000000    0.44500000
   -3.58500000    0.44500000
   -3.58000000    0.44500000
   -3.57500000    0.44500000
   -3.57000000    0.44500000
   -3.56500000    0.44500000
   -3.56000000    0.44500000
   -3.55500000    0.44500000
   -3.55000000    0.44500000
   -3.54500000    0.44500000
   -3.54000000    0.44500000
   -3.53500000    0.44499999
   -3.53000000    0.44499999
   -3.52500000    0.44499996
   -3.52000000    0.44499992
   -3.51500000    0.44499982
   -3.51000000    0.44499964
   -3.50500000    0.44499929
   -3.50000000    0.44499866
   -3.49500000    0.44499754
   -3.49000000    0.44499556
   -3.48500000    0.44499211
   -3.48000000    0.44498622
   -3.47500000    0.44497664
   -3.47000000    0.44496180
   -3.46500000    0.44493923
   -3.46000000    0.44490437
   -3.45500000    0.44484880
   -3.45000000    0.44476032
   -3.44500000    0.44462810
   -3.44000000    0.44444826
   -3.43500000    0.44422344
   -3.43000000    0.44395978
   -3.42500000    0.44366450
   -3.42000000    0.44334450
   -3.41500000    0.44300563
   -3.41000000    0.44265252
   -3.40500000    0.44228866
   -3.40000000    0.44191655
   -3.39500000    0.44153801
   -3.39000000    0.44115434
   -3.38500000    0.44076651
   -3.38000000    0.44037526
   -3.37500000    0.43998117
   -3.37000000    0.43958468
   -3.36500000    0.43918619
   -3.36000000    0.43878599
   -3.35500000    0.43838433
   -3.35000000    0.43798143
   -3.34500000    0.43757746
   -3.34000000    0.43717258
   -3.33500000    0.43676691
   -3.33000000    0.43636057
   -3.32500000    0.43595365
   -3.32000000    0.43554623
   -3.31500000    0.43513839
   -3.31000000    0.43473019
   -3.30500000    0.43432169
   -3.30000000    0.43391293
   -3.29500000    0.43350396
   -3.29000000    0.43309483
   -3.28500000    0.43268556
   -3.28000000    0.43227620
   -3.27500000    0.43186676
   -3.27000000    0.43145728
   -3.26500000    0.43104777
   -3.26000000    0.43063827
   -3.25500000    0.43022879
   -3.25000000    0.42981935
   -3.24500000    0.42940996
   -3.24000000    0.42900064
   -3.23500000    0.42859141
   -3.23000000    0.42818228
   -3.22500000    0.42777326
   -3.22000000    0.42736436
   -3.21500000    0.42695559
   -3.21000000    0.42654696
   -3.20500000    0.42613849
   -3.20000000    0.42573017
   -3.19500000    0.42532202
   -3.19000000    0.42491404
   -3.18500000    0.42450625
   -3.18000000    0.42409864
   -3.17500000    0.42369122
   -3.17000000    0.42328401
   -3.16500000    0.42287699
   -3.16000000    0.42247019
   -3.15500000    0.42206360
   -3.15000000    0.42165723
   -3.14500000    0.42125109
   -3.14000000    0.42084517
   -3.13500000    0.42043948
   -3.13000000    0.42003402
   -3.12500000    0.41962880
   -3.12000000    0.41922383
   -3.11500000    0.41881909
   -3.11000000    0.41841461
   -3.10500000    0.41801037
   -3.10000000    0.41760639
   -3.09500000    0.41720266
   -3.09000000    0.41679919
   -3.08500000    0.41639598
   -3.08000000    0.41599303
   -3.07500000    0.41559035
   -3.07000000    0.41518793
   -3.06500000    0.41478578
   -3.06000000    0.41438390
   -3.05500000    0.41398230
   -3.05000000    0.41358096
   -3.04500000    0.41317991
   -3.04000000    0.41277913
   -3.03500000    0.41237863
   -3.03000000    0.41197841
   -3.02500000    0.41157847
   -3.02000000    0.41117882
   -3.01500000    0.41077945
   -3.01000000    0.41038037
   -3.00500000    0.40998157
   -3.00000000    0.40958306
   -2.99500000    0.40918485
   -2.99000000    0.40878693
   -2.98500000    0.40838929
   -2.98000000    0.40799196
   -2.97500000    0.40759491
   -2.97000000    0.40719817
   -2.96500000    0.40680172
   -2.96000000    0.40640557
   -2.95500000    0.40600971
   -2.95000000    0.40561416
   -2.94500000    0.40521891
   -2.94000000    0.40482396
   -2.93500000    0.40442932
   -2.93000000    0.40403498
   -2.92500000    0.40364094
   -2.92000000    0.40324721
   -2.91500000    0.40285378
   -2.91000000    0.40246067
   -2.90500000    0.40206786
   -2.90000000    0.40167536
   -2.89500000    0.40128317
   -2.89000000    0.40089129
   -2.88500000    0.40049972
   -2.88000000    0.40010847
   -2.87500000    0.39971752
   -2.87000000    0.39932689
   -2.86500000    0.39893658
   -2.86000000    0.39854657
   -2.85500000    0.39815689
   -2.85000000    0.39776752
   -2.84500000    0.39737847
   -2.84000000    0.39698973
   -2.83500000    0.39660131
   -2.83000000    0.39621321
   -2.82500000    0.39582543
   -2.82000000    0.39543797
   -2.81500000    0.39505083
   -2.81000000    0.39466402
   -2.80500000    0.39427752
   -2.80000000    0.39389134
   -2.79500000    0.39350549
   -2.79000000    0.39311996
   -2.78500000    0.39273476
   -2.78000000    0.39234988
   -2.77500000    0.39196533
   -2.77000000    0.39158110
   -2.76500000    0.39119720
   -2.76000000    0.39081363
   -2.75500000    0.39043038
   -2.75000000    0.39004747
   -2.74500000    0.38966488
   -2.74000000    0.38928263
   -2.73500000    0.38890071
   -2.73000000    0.38851912
   -2.72500000    0.38813787
   -2.72000000    0.38775695
   -2.71500000    0.38737637
   -2.71000000    0.38699613
   -2.70500000    0.38661622
   -2.70000000    0.38623666
   -2.69500000    0.38585744
   -2.69000000    0.38547856
   -2.68500000    0.38510003
   -2.68000000    0.38472185
   -2.67500000    0.38434401
   -2.67000000    0.38396653
   -2.66500000    0.38358939
   -2.66000000    0.38321262
   -2.65500000    0.38283619
   -2.65000000    0.38246013
   -2.64500000    0.38208443
   -2.64000000    0.38170910
   -2.63500000    0.38133412
   -2.63000000    0.38095952
   -2.62500000    0.38058529
   -2.62000000    0.38021143
   -2.61500000    0.37983794
   -2.61000000    0.37946484
   -2.60500000    0.37909211
   -2.60000000    0.37871976
   -2.59500000    0.37834780
   -2.59000000    0.37797623
   -2.58500000    0.37760504
   -2.58000000    0.37723424
   -2.57500000    0.37686384
   -2.57000000    0.37649382
   -2.56500000    0.37612420
   -2.56000000    0.37575497
   -2.55500000    0.37538614
   -2.55000000    0.37501770
   -2.54500000    0.37464965
   -2.54000000    0.37428199
   -2.53500000    0.37391473
   -2.53000000    0.37354785
   -2.52500000    0.37318136
   -2.52000000    0.37281525
   -2.51500000    0.37244952
   -2.51000000    0.37208416
   -2.50500000    0.37171917
   -2.50000000    0.37135455
   -2.49500000    0.37099027
   -2.49000000    0.37062635
   -2.48500000    0.37026277
   -2.48000000    0.36989953
   -2.47500000    0.36953660
   -2.47000000    0.36917400
   -2.46500000    0.36881170
   -2.46000000    0.36844969
   -2.45500000    0.36808797
   -2.45000000    0.36772653
   -2.44500000    0.36736535
   -2.44000000    0.36700442
   -2.43500000    0.36664374
   -2.43000000    0.36628329
   -2.42500000    0.36592307
   -2.42000000    0.36556306
   -2.41500000    0.36520327
   -2.41000000    0.36484367
   -2.40500000    0.36448427
   -2.40000000    0.36412505
   -2.39500000    0.36376602
   -2.39000000    0.36340716
   -2.38500000    0.36304848
   -2.38000000    0.36268998
   -2.37500000    0.36233166
   -2.37000000    0.36197351
   -2.36500000    0.36161555
   -2.36000000    0.36125777
   -2.35500000    0.36090019
   -2.35000000    0.36054281
   -2.34500000    0.36018564
   -2.34000000    0.35982870
   -2.33500000    0.35947199
   -2.33000000    0.35911553
   -2.32500000    0.35875934
   -2.32000000    0.35840342
   -2.31500000    0.35804780
   -2.31000000    0.35769249
   -2.30500000    0.35733750
   -2.30000000    0.35698286
   -2.29500000    0.35662858
   -2.29000000    0.35627468
   -2.28500000    0.35592117
   -2.28000000    0.35556807
   -2.27500000    0.35521541
   -2.27000000    0.35486319
   -2.26500000    0.35451145
   -2.26000000    0.35416020
   -2.25500000    0.35380947
   -2.25000000    0.35345928
   -2.24500000    0.35310966
   -2.24000000    0.35276064
   -2.23500000    0.35241223
   -2.23000000    0.35206445
   -2.22500000    0.35171734
   -2.22000000    0.35137090
   -2.21500000    0.35102516
   -2.21000000    0.35068013
   -2.20500000    0.35033584
   -2.20000000    0.34999232
   -2.19500000    0.34964962
   -2.19000000    0.34930782
   -2.18500000    0.34896704
   -2.18000000    0.34862744
   -2.17500000    0.34828927
   -2.17000000    0.34795287
   -2.16500000    0.34761868
   -2.16000000    0.34728734
   -2.15500000    0.34695965
   -2.15000000    0.34663667
   -2.14500000    0.34631978
   -2.14000000    0.34601071
   -2.13500000    0.34571162
   -2.13000000    0.34542510
   -2.12500000    0.34515420
   -2.12000000    0.34490226
   -2.11500000    0.34467277
   -2.11000000    0.34446898
   -2.10500000    0.34429345
   -2.10000000    0.34414744
   -2.09500000    0.34403031
   -2.09000000    0.34393918
   -2.08500000    0.34386932
   -2.08000000    0.34381537
   -2.07500000    0.34377278
   -2.07000000    0.34373865
   -2.06500000    0.34371164
   -2.06000000    0.34369147
   -2.05500000    0.34367835
   -2.05000000    0.34367269
   -2.04500000    0.34367515
   -2.04000000    0.34368701
   -2.03500000    0.34371141
   -2.03000000    0.34375459
   -2.02500000    0.34382365
   -2.02000000    0.34392108
   -2.01500000    0.34404319
   -2.01000000    0.34418218
   -2.00500000    0.34432801
   -2.00000000    0.34446941
   -1.99500000    0.34459459
   -1.99000000    0.34469333
   -1.98500000    0.34475925
   -1.98000000    0.34479718
   -1.97500000    0.34481331
   -1.97000000    0.34481513
   -1.96500000    0.34480719
   -1.96000000    0.34478804
   -1.95500000    0.34476093
   -1.95000000    0.34473037
   -1.94500000    0.34469816
   -1.94000000    0.34466672
   -1.93500000    0.34463979
   -1.93000000    0.34461874
   -1.92500000    0.34460130
   -1.92000000    0.34458518
   -1.91500000    0.34456929
   -1.91000000    0.34455241
   -1.90500000    0.34453413
   -1.90000000    0.34451627
   -1.89500000    0.34450103
   -1.89000000    0.34448931
   -1.88500000    0.34448118
   -1.88000000    0.34447609
   -1.87500000    0.34447309
   -1.87000000    0.34447068
   -1.86500000    0.34446861
   -1.86000000    0.34446723
   -1.85500000    0.34446656
   -1.85000000    0.34446665
   -1.84500000    0.34446784
   -1.84000000    0.34447097
   -1.83500000    0.34447733
   -1.83000000    0.34448758
   -1.82500000    0.34450111
   -1.82000000    0.34451659
   -1.81500000    0.34453234
   -1.81000000    0.34454666
   -1.80500000    0.34455814
   -1.80000000    0.34456609
   -1.79500000    0.34457087
   -1.79000000    0.34457388
   -1.78500000    0.34457597
   -1.78000000    0.34457765
   -1.77500000    0.34457916
   -1.77000000    0.34458048
   -1.76500000    0.34458148
   -1.76000000    0.34458219
   -1.75500000    0.34458269
   -1.75000000    0.34458294
   -1.74500000    0.34458294
   -1.74000000    0.34458272
   -1.73500000    0.34458227
   -1.73000000    0.34458150
   -1.72500000    0.34458041
   -1.72000000    0.34457912
   -1.71500000    0.34457773
   -1.71000000    0.34457628
   -1.70500000    0.34457488
   -1.70000000    0.34457368
   -1.69500000    0.34457272
   -1.69000000    0.34457201
   -1.68500000    0.34457148
   -1.68000000    0.34457109
   -1.67500000    0.34457072
   -1.67000000    0.34457030
   -1.66500000    0.34456981
   -1.66000000    0.34456926
   -1.65500000    0.34456866
   -1.65000000    0.34456798
   -1.64500000    0.34456724
   -1.64000000    0.34456644
   -1.63500000    0.34456560
   -1.63000000    0.34456472
   -1.62500000    0.34456385
   -1.62000000    0.34456300
   -1.61500000    0.34456220
   -1.61000000    0.34456147
   -1.60500000    0.34456080
   -1.60000000    0.34456021
   -1.59500000    0.34455970
   -1.59000000    0.34455927
   -1.58500000    0.34455893
   -1.58000000    0.34455869
   -1.57500000    0.34455855
   -1.57000000    0.34455851
   -1.56500000    0.34455858
   -1.56000000    0.34455875
   -1.55500000    0.34455901
   -1.55000000    0.34455937
   -1.54500000    0.34455983
   -1.54000000    0.34456041
   -1.53500000    0.34456111
   -1.53000000    0.34456195
   -1.52500000    0.34456292
   -1.52000000    0.34456398
   -1.51500000    0.34456509
   -1.51000000    0.34456619
   -1.50500000    0.34456719
   -1.50000000    0.34456805
   -1.49500000    0.34456879
   -1.49000000    0.34456951
   -1.48500000    0.34457033
   -1.48000000    0.34457134
   -1.47500000    0.34457255
   -1.47000000    0.34457386
   -1.46500000    0.34457515
   -1.46000000    0.34457630
   -1.45500000    0.34457721
   -1.45000000    0.34457784
   -1.44500000    0.34457825
   -1.44000000    0.34457852
   -1.43500000    0.34457874
   -1.43000000    0.34457893
   -1.42500000    0.34457910
   -1.42000000    0.34457923
   -1.41500000    0.34457934
   -1.41000000    0.34457940
   -1.40500000    0.34457943
   -1.40000000    0.34457942
   -1.39500000    0.34457938
   -1.39000000    0.34457931
   -1.38500000    0.34457922
   -1.38000000    0.34457911
   -1.37500000    0.34457901
   -1.37000000    0.34457889
   -1.36500000    0.34457875
   -1.36000000    0.34457855
   -1.35500000    0.34457818
   -1.35000000    0.34457752
   -1.34500000    0.34457637
   -1.34000000    0.34457471
   -1.33500000    0.34457264
   -1.33000000    0.34457036
   -1.32500000    0.34456810
   -1.32000000    0.34456607
   -1.31500000    0.34456443
   -1.31000000    0.34456329
   -1.30500000    0.34456259
   -1.30000000    0.34456215
   -1.29500000    0.34456184
   -1.29000000    0.34456158
   -1.28500000    0.34456134
   -1.28000000    0.34456111
   -1.27500000    0.34456091
   -1.27000000    0.34456074
   -1.26500000    0.34456061
   -1.26000000    0.34456050
   -1.25500000    0.34456042
   -1.25000000    0.34456035
   -1.24500000    0.34456031
   -1.24000000    0.34456032
   -1.23500000    0.34456040
   -1.23000000    0.34456062
   -1.22500000    0.34456107
   -1.22000000    0.34456185
   -1.21500000    0.34456292
   -1.21000000    0.34456418
   -1.20500000    0.34456552
   -1.20000000    0.34456682
   -1.19500000    0.34456793
   -1.19000000    0.34456875
   -1.18500000    0.34456920
   -1.18000000    0.34456930
   -1.17500000    0.34456915
   -1.17000000    0.34456880
   -1.16500000    0.34456832
   -1.16000000    0.34456778
   -1.15500000    0.34456727
   -1.15000000    0.34456686
   -1.14500000    0.34456661
   -1.14000000    0.34456661
   -1.13500000    0.34456694
   -1.13000000    0.34456764
   -1.12500000    0.34456862
   -1.12000000    0.34456974
   -1.11500000    0.34457082
   -1.11000000    0.34457173
   -1.10500000    0.34457232
   -1.10000000    0.34457264
   -1.09500000    0.34457276
   -1.09000000    0.34457273
   -1.08500000    0.34457259
   -1.08000000    0.34457237
   -1.07500000    0.34457212
   -1.07000000    0.34457188
   -1.06500000    0.34457172
   -1.06000000    0.34457167
   -1.05500000    0.34457181
   -1.05000000    0.34457214
   -1.04500000    0.34457262
   -1.04000000    0.34457317
   -1.03500000    0.34457368
   -1.03000000    0.34457408
   -1.02500000    0.34457427
   -1.02000000    0.34457418
   -1.01500000    0.34457365
   -1.01000000    0.34457263
   -1.00500000    0.34457124
   -1.00000000    0.34456969
   -0.99500000    0.34456819
   -0.99000000    0.34456692
   -0.98500000    0.34456600
   -0.98000000    0.34456542
   -0.97500000    0.34456506
   -0.97000000    0.34456479
   -0.96500000    0.34456455
   -0.96000000    0.34456434
   -0.95500000    0.34456415
   -0.95000000    0.34456400
   -0.94500000    0.34456389
   -0.94000000    0.34456379
   -0.93500000    0.34456366
   -0.93000000    0.34456349
   -0.92500000    0.34456326
   -0.92000000    0.34456298
   -0.91500000    0.34456271
   -0.91000000    0.34456246
   -0.90500000    0.34456228
   -0.90000000    0.34456221
   -0.89500000    0.34456230
   -0.89000000    0.34456264
   -0.88500000    0.34456325
   -0.88000000    0.34456405
   -0.87500000    0.34456494
   -0.87000000    0.34456580
   -0.86500000    0.34456653
   -0.86000000    0.34456707
   -0.85500000    0.34456742
   -0.85000000    0.34456764
   -0.84500000    0.34456780
   -0.84000000    0.34456794
   -0.83500000    0.34456807
   -0.83000000    0.34456819
   -0.82500000    0.34456831
   -0.82000000    0.34456846
   -0.81500000    0.34456871
   -0.81000000    0.34456917
   -0.80500000    0.34456982
   -0.80000000    0.34457057
   -0.79500000    0.34457125
   -0.79000000    0.34457178
   -0.78500000    0.34457217
   -0.78000000    0.34457242
   -0.77500000    0.34457263
   -0.77000000    0.34457282
   -0.76500000    0.34457291
   -0.76000000    0.34457297
   -0.75500000    0.34457301
   -0.75000000    0.34457299
   -0.74500000    0.34457290
   -0.74000000    0.34457280
   -0.73500000    0.34457272
   -0.73000000    0.34457266
   -0.72500000    0.34457260
   -0.72000000    0.34457257
   -0.71500000    0.34457254
   -0.71000000    0.34457250
   -0.70500000    0.34457246
   -0.70000000    0.34457240
   -0.69500000    0.34457227
   -0.69000000    0.34457202
   -0.68500000    0.34457157
   -0.68000000    0.34457095
   -0.67500000    0.34457021
   -0.67000000    0.34456943
   -0.66500000    0.34456872
   -0.66000000    0.34456813
   -0.65500000    0.34456771
   -0.65000000    0.34456742
   -0.64500000    0.34456723
   -0.64000000    0.34456709
   -0.63500000    0.34456697
   -0.63000000    0.34456686
   -0.62500000    0.34456674
   -0.62000000    0.34456660
   -0.61500000    0.34456638
   -0.61000000    0.34456602
   -0.60500000    0.34456550
   -0.60000000    0.34456486
   -0.59500000    0.34456416
   -0.59000000    0.34456349
   -0.58500000    0.34456293
   -0.58000000    0.34456255
   -0.57500000    0.34456241
   -0.57000000    0.34456247
   -0.56500000    0.34456269
   -0.56000000    0.34456301
   -0.55500000    0.34456340
   -0.55000000    0.34456379
   -0.54500000    0.34456414
   -0.54000000    0.34456443
   -0.53500000    0.34456464
   -0.53000000    0.34456479
   -0.52500000    0.34456488
   -0.52000000    0.34456495
   -0.51500000    0.34456500
   -0.51000000    0.34456505
   -0.50500000    0.34456513
   -0.50000000    0.34456528
   -0.49500000    0.34456560
   -0.49000000    0.34456618
   -0.48500000    0.34456701
   -0.48000000    0.34456791
   -0.47500000    0.34456869
   -0.47000000    0.34456929
   -0.46500000    0.34456970
   -0.46000000    0.34456999
   -0.45500000    0.34457027
   -0.45000000    0.34457047
   -0.44500000    0.34457060
   -0.44000000    0.34457074
   -0.43500000    0.34457084
   -0.43000000    0.34457090
   -0.42500000    0.34457095
   -0.42000000    0.34457101
   -0.41500000    0.34457106
   -0.41000000    0.34457118
   -0.40500000    0.34457145
   -0.40000000    0.34457192
   -0.39500000    0.34457252
   -0.39000000    0.34457312
   -0.38500000    0.34457358
   -0.38000000    0.34457377
   -0.37500000    0.34457366
   -0.37000000    0.34457332
   -0.36500000    0.34457286
   -0.36000000    0.34457235
   -0.35500000    0.34457190
   -0.35000000    0.34457154
   -0.34500000    0.34457130
   -0.34000000    0.34457113
   -0.33500000    0.34457100
   -0.33000000    0.34457089
   -0.32500000    0.34457079
   -0.32000000    0.34457070
   -0.31500000    0.34457063
   -0.31000000    0.34457053
   -0.30500000    0.34457035
   -0.30000000    0.34456996
   -0.29500000    0.34456927
   -0.29000000    0.34456832
   -0.28500000    0.34456735
   -0.28000000    0.34456660
   -0.27500000    0.34456602
   -0.27000000    0.34456560
   -0.26500000    0.34456536
   -0.26000000    0.34456514
   -0.25500000    0.34456497
   -0.25000000    0.34456490
   -0.24500000    0.34456490
   -0.24000000    0.34456494
   -0.23500000    0.34456506
   -0.23000000    0.34456521
   -0.22500000    0.34456532
   -0.22000000    0.34456534
   -0.21500000    0.34456522
   -0.21000000    0.34456495
   -0.20500000    0.34456459
   -0.20000000    0.34456418
   -0.19500000    0.34456381
   -0.19000000    0.34456359
   -0.18500000    0.34456359
   -0.18000000    0.34456393
   -0.17500000    0.34456455
   -0.17000000    0.34456527
   -0.16500000    0.34456587
   -0.16000000    0.34456635
   -0.15500000    0.34456671
   -0.15000000    0.34456691
   -0.14500000    0.34456714
   -0.14000000    0.34456730
   -0.13500000    0.34456738
   -0.13000000    0.34456746
   -0.12500000    0.34456754
   -0.12000000    0.34456758
   -0.11500000    0.34456765
   -0.11000000    0.34456781
   -0.10500000    0.34456816
   -0.10000000    0.34456870
   -0.09500000    0.34456934
   -0.09000000    0.34456997
   -0.08500000    0.34457049
   -0.08000000    0.34457083
   -0.07500000    0.34457105
   -0.07000000    0.34457120
   -0.06500000    0.34457132
   -0.06000000    0.34457141
   -0.05500000    0.34457148
   -0.05000000    0.34457152
   -0.04500000    0.34457157
   -0.04000000    0.34457162
   -0.03500000    0.34457170
   -0.03000000    0.34457187
   -0.02500000    0.34457213
   -0.02000000    0.34457244
   -0.01500000    0.34457275
   -0.01000000    0.34457298
   -0.00500000    0.34457307
    0.00000000    0.34457295
    0.00500000    0.34457258
    0.01000000    0.34457202
    0.01500000    0.34457139
    0.02000000    0.34457081
    0.02500000    0.34457034
    0.03000000    0.34457002
    0.03500000    0.34456981
    0.04000000    0.34456966
    0.04500000    0.34456952
    0.05000000    0.34456941
    0.05500000    0.34456931
    0.06000000    0.34456921
    0.06500000    0.34456909
    0.07000000    0.34456889
    0.07500000    0.34456857
    0.08000000    0.34456810
    0.08500000    0.34456754
    0.09000000    0.34456695
    0.09500000    0.34456639
    0.10000000    0.34456593
    0.10500000    0.34456561
    0.11000000    0.34456545
    0.11500000    0.34456541
    0.12000000    0.34456545
    0.12500000    0.34456556
    0.13000000    0.34456572
    0.13500000    0.34456588
    0.14000000    0.34456603
    0.14500000    0.34456612
    0.15000000    0.34456613
    0.15500000    0.34456600
    0.16000000    0.34456572
    0.16500000    0.34456534
    0.17000000    0.34456493
    0.17500000    0.34456456
    0.18000000    0.34456432
    0.18500000    0.34456426
    0.19000000    0.34456448
    0.19500000    0.34456501
    0.20000000    0.34456576
    0.20500000    0.34456660
    0.21000000    0.34456738
    0.21500000    0.34456797
    0.22000000    0.34456829
    0.22500000    0.34456837
    0.23000000    0.34456828
    0.23500000    0.34456807
    0.24000000    0.34456779
    0.24500000    0.34456751
    0.25000000    0.34456731
    0.25500000    0.34456723
    0.26000000    0.34456738
    0.26500000    0.34456785
    0.27000000    0.34456862
    0.27500000    0.34456955
    0.28000000    0.34457045
    0.28500000    0.34457113
    0.29000000    0.34457152
    0.29500000    0.34457163
    0.30000000    0.34457157
    0.30500000    0.34457135
    0.31000000    0.34457104
    0.31500000    0.34457074
    0.32000000    0.34457048
    0.32500000    0.34457034
    0.33000000    0.34457038
    0.33500000    0.34457065
    0.34000000    0.34457111
    0.34500000    0.34457169
    0.35000000    0.34457228
    0.35500000    0.34457280
    0.36000000    0.34457316
    0.36500000    0.34457327
    0.37000000    0.34457304
    0.37500000    0.34457239
    0.38000000    0.34457142
    0.38500000    0.34457030
    0.39000000    0.34456924
    0.39500000    0.34456842
    0.40000000    0.34456799
    0.40500000    0.34456788
    0.41000000    0.34456800
    0.41500000    0.34456831
    0.42000000    0.34456869
    0.42500000    0.34456908
    0.43000000    0.34456938
    0.43500000    0.34456951
    0.44000000    0.34456934
    0.44500000    0.34456873
    0.45000000    0.34456773
    0.45500000    0.34456657
    0.46000000    0.34456549
    0.46500000    0.34456471
    0.47000000    0.34456439
    0.47500000    0.34456450
    0.48000000    0.34456493
    0.48500000    0.34456554
    0.49000000    0.34456623
    0.49500000    0.34456686
    0.50000000    0.34456730
    0.50500000    0.34456746
    0.51000000    0.34456732
    0.51500000    0.34456697
    0.52000000    0.34456648
    0.52500000    0.34456596
    0.53000000    0.34456547
    0.53500000    0.34456513
    0.54000000    0.34456501
    0.54500000    0.34456522
    0.55000000    0.34456580
    0.55500000    0.34456668
    0.56000000    0.34456769
    0.56500000    0.34456868
    0.57000000    0.34456947
    0.57500000    0.34456992
    0.58000000    0.34456997
    0.58500000    0.34456972
    0.59000000    0.34456925
    0.59500000    0.34456867
    0.60000000    0.34456810
    0.60500000    0.34456767
    0.61000000    0.34456748
    0.61500000    0.34456767
    0.62000000    0.34456831
    0.62500000    0.34456930
    0.63000000    0.34457045
    0.63500000    0.34457155
    0.64000000    0.34457241
    0.64500000    0.34457289
    0.65000000    0.34457288
    0.65500000    0.34457244
    0.66000000    0.34457169
    0.66500000    0.34457076
    0.67000000    0.34456979
    0.67500000    0.34456892
    0.68000000    0.34456829
    0.68500000    0.34456805
    0.69000000    0.34456831
    0.69500000    0.34456905
    0.70000000    0.34457009
    0.70500000    0.34457120
    0.71000000    0.34457217
    0.71500000    0.34457278
    0.72000000    0.34457282
    0.72500000    0.34457207
    0.73000000    0.34457065
    0.73500000    0.34456891
    0.74000000    0.34456723
    0.74500000    0.34456599
    0.75000000    0.34456547
    0.75500000    0.34456567
    0.76000000    0.34456633
    0.76500000    0.34456731
    0.77000000    0.34456844
    0.77500000    0.34456947
    0.78000000    0.34457021
    0.78500000    0.34457049
    0.79000000    0.34457017
    0.79500000    0.34456927
    0.80000000    0.34456800
    0.80500000    0.34456659
    0.81000000    0.34456526
    0.81500000    0.34456419
    0.82000000    0.34456356
    0.82500000    0.34456353
    0.83000000    0.34456413
    0.83500000    0.34456524
    0.84000000    0.34456668
    0.84500000    0.34456819
    0.85000000    0.34456954
    0.85500000    0.34457045
    0.86000000    0.34457069
    0.86500000    0.34457016
    0.87000000    0.34456902
    0.87500000    0.34456755
    0.88000000    0.34456605
    0.88500000    0.34456482
    0.89000000    0.34456412
    0.89500000    0.34456418
    0.90000000    0.34456497
    0.90500000    0.34456627
    0.91000000    0.34456782
    0.91500000    0.34456934
    0.92000000    0.34457058
    0.92500000    0.34457130
    0.93000000    0.34457136
    0.93500000    0.34457083
    0.94000000    0.34456986
    0.94500000    0.34456864
    0.95000000    0.34456737
    0.95500000    0.34456626
    0.96000000    0.34456551
    0.96500000    0.34456533
    0.97000000    0.34456588
    0.97500000    0.34456708
    0.98000000    0.34456865
    0.98500000    0.34457028
    0.99000000    0.34457165
    0.99500000    0.34457247
    1.00000000    0.34457248
    1.00500000    0.34457167
    1.01000000    0.34457032
    1.01500000    0.34456873
    1.02000000    0.34456724
    1.02500000    0.34456617
    1.03000000    0.34456582
    1.03500000    0.34456621
    1.04000000    0.34456714
    1.04500000    0.34456839
    1.05000000    0.34456973
    1.05500000    0.34457089
    1.06000000    0.34457159
    1.06500000    0.34457161
    1.07000000    0.34457099
    1.07500000    0.34456991
    1.08000000    0.34456862
    1.08500000    0.34456741
    1.09000000    0.34456653
    1.09500000    0.34456619
    1.10000000    0.34456636
    1.10500000    0.34456692
    1.11000000    0.34456771
    1.11500000    0.34456857
    1.12000000    0.34456935
    1.12500000    0.34456988
    1.13000000    0.34457001
    1.13500000    0.34456965
    1.14000000    0.34456890
    1.14500000    0.34456792
    1.15000000    0.34456691
    1.15500000    0.34456605
    1.16000000    0.34456549
    1.16500000    0.34456536
    1.17000000    0.34456576
    1.17500000    0.34456660
    1.18000000    0.34456771
    1.18500000    0.34456888
    1.19000000    0.34456990
    1.19500000    0.34457053
    1.20000000    0.34457056
    1.20500000    0.34456993
    1.21000000    0.34456883
    1.21500000    0.34456751
    1.22000000    0.34456625
    1.22500000    0.34456530
    1.23000000    0.34456490
    1.23500000    0.34456524
    1.24000000    0.34456627
    1.24500000    0.34456775
    1.25000000    0.34456941
    1.25500000    0.34457095
    1.26000000    0.34457210
    1.26500000    0.34457260
    1.27000000    0.34457231
    1.27500000    0.34457131
    1.28000000    0.34456981
    1.28500000    0.34456805
    1.29000000    0.34456636
    1.29500000    0.34456503
    1.30000000    0.34456439
    1.30500000    0.34456472
    1.31000000    0.34456592
    1.31500000    0.34456765
    1.32000000    0.34456952
    1.32500000    0.34457113
    1.33000000    0.34457215
    1.33500000    0.34457227
    1.34000000    0.34457146
    1.34500000    0.34456996
    1.35000000    0.34456814
    1.35500000    0.34456640
    1.36000000    0.34456515
    1.36500000    0.34456473
    1.37000000    0.34456506
    1.37500000    0.34456601
    1.38000000    0.34456734
    1.38500000    0.34456879
    1.39000000    0.34457014
    1.39500000    0.34457109
    1.40000000    0.34457135
    1.40500000    0.34457080
    1.41000000    0.34456976
    1.41500000    0.34456844
    1.42000000    0.34456706
    1.42500000    0.34456592
    1.43000000    0.34456519
    1.43500000    0.34456489
    1.44000000    0.34456502
    1.44500000    0.34456557
    1.45000000    0.34456647
    1.45500000    0.34456751
    1.46000000    0.34456846
    1.46500000    0.34456904
    1.47000000    0.34456920
    1.47500000    0.34456903
    1.48000000    0.34456869
    1.48500000    0.34456829
    1.49000000    0.34456790
    1.49500000    0.34456757
    1.50000000    0.34456732
    1.50500000    0.34456723
    1.51000000    0.34456741
    1.51500000    0.34456791
    1.52000000    0.34456860
    1.52500000    0.34456925
    1.53000000    0.34456963
    1.53500000    0.34456950
    1.54000000    0.34456897
    1.54500000    0.34456826
    1.55000000    0.34456762
    1.55500000    0.34456722
    1.56000000    0.34456714
    1.56500000    0.34456741
    1.57000000    0.34456815
    1.57500000    0.34456946
    1.58000000    0.34457102
    1.58500000    0.34457234
    1.59000000    0.34457285
    1.59500000    0.34457279
    1.60000000    0.34457205
    1.60500000    0.34457082
    1.61000000    0.34456944
    1.61500000    0.34456797
    1.62000000    0.34456644
    1.62500000    0.34456521
    1.63000000    0.34456462
    1.63500000    0.34456522
    1.64000000    0.34456693
    1.64500000    0.34456888
    1.65000000    0.34457030
    1.65500000    0.34457080
    1.66000000    0.34457126
    1.66500000    0.34457112
    1.67000000    0.34457000
    1.67500000    0.34456761
    1.68000000    0.34456448
    1.68500000    0.34456126
    1.69000000    0.34455926
    1.69500000    0.34455985
    1.70000000    0.34456245
    1.70500000    0.34456496
    1.71000000    0.34456670
    1.71500000    0.34456805
    1.72000000    0.34456863
    1.72500000    0.34456939
    1.73000000    0.34456957
    1.73500000    0.34456875
    1.74000000    0.34456632
    1.74500000    0.34456210
    1.75000000    0.34455787
    1.75500000    0.34455707
    1.76000000    0.34455833
    1.76500000    0.34456192
    1.77000000    0.34456456
    1.77500000    0.34456638
    1.78000000    0.34456578
    1.78500000    0.34456608
    1.79000000    0.34456860
    1.79500000    0.34457206
    1.80000000    0.34457138
    1.80500000    0.34456389
    1.81000000    0.34455354
    1.81500000    0.34454677
    1.82000000    0.34454640
    1.82500000    0.34454659
    1.83000000    0.34454477
    1.83500000    0.34453621
    1.84000000    0.34452464
    1.84500000    0.34451893
    1.85000000    0.34451767
    1.85500000    0.34451234
    1.86000000    0.34449705
    1.86500000    0.34446255
    1.87000000    0.34443168
    1.87500000    0.34441850
    1.88000000    0.34442083
    1.88500000    0.34442749
    1.89000000    0.34442579
    1.89500000    0.34441951
    1.90000000    0.34441731
    1.90500000    0.34444808
    1.91000000    0.34450088
    1.91500000    0.34455246
    1.92000000    0.34459218
    1.92500000    0.34465882
    1.93000000    0.34481814
    1.93500000    0.34520188
    1.94000000    0.34601280
    1.94500000    0.34761359
    1.95000000    0.35089436
    1.95500000    0.35756480
    1.96000000    0.37074031
    1.96500000    0.39654924
    1.97000000    0.44777207
    1.97500000    0.54039922
    1.98000000    0.67213851
    1.98500000    0.82390712
    1.99000000    0.97293376
    1.99500000    1.09825348
    2.00000000    1.18463317
    2.00500000    1.23325800
    2.01000000    1.25890511
    2.01500000    1.27240611
    2.02000000    1.28028179
    2.02500000    1.28602144
    2.03000000    1.29155284
    2.03500000    1.29716739
    2.04000000    1.30119769
    2.04500000    1.30257127
    2.05000000    1.30295891
    2.05500000    1.30304365
    2.06000000    1.30304989
    2.06500000    1.30306857
    2.07000000    1.30320136
    2.07500000    1.30327001
    2.08000000    1.30335202
    2.08500000    1.30352128
    2.09000000    1.30382225
    2.09500000    1.30414656
    2.10000000    1.30434849
    2.10500000    1.30437695
    2.11000000    1.30430923
    2.11500000    1.30421155
    2.12000000    1.30414225
    2.12500000    1.30413067
    2.13000000    1.30414052
    2.13500000    1.30415222
    2.14000000    1.30413764
    2.14500000    1.30409244
    2.15000000    1.30405460
    2.15500000    1.30404775
    2.16000000    1.30405527
    2.16500000    1.30406493
    2.17000000    1.30406807
    2.17500000    1.30406765
    2.18000000    1.30406629
    2.18500000    1.30406915
    2.19000000    1.30406670
    2.19500000    1.30405481
    2.20000000    1.30403745
    2.20500000    1.30402498
    2.21000000    1.30402922
    2.21500000    1.30405172
    2.22000000    1.30408047
    2.22500000    1.30410170
    2.23000000    1.30410758
    2.23500000    1.30410461
    2.24000000    1.30410273
    2.24500000    1.30410706
    2.25000000    1.30412066
    2.25500000    1.30413461
    2.26000000    1.30413805
    2.26500000    1.30410911
    2.27000000    1.30405102
    2.27500000    1.30398942
    2.28000000    1.30395551
    2.28500000    1.30396219
    2.29000000    1.30400283
    2.29500000    1.30406690
    2.30000000    1.30413576
    2.30500000    1.30418586
    2.31000000    1.30420283
    2.31500000    1.30419159
    2.32000000    1.30416285
    2.32500000    1.30412338
    2.33000000    1.30407880
    2.33500000    1.30403704
    2.34000000    1.30400430
    2.34500000    1.30398057
    2.35000000    1.30397139
    2.35500000    1.30398306
    2.36000000    1.30401594
    2.36500000    1.30406852
    2.37000000    1.30413068
    2.37500000    1.30418680
    2.38000000    1.30422082
    2.38500000    1.30421756
    2.39000000    1.30417384
    2.39500000    1.30410666
    2.40000000    1.30403829
    2.40500000    1.30398832
    2.41000000    1.30397599
    2.41500000    1.30399948
    2.42000000    1.30404174
    2.42500000    1.30408600
    2.43000000    1.30411375
    2.43500000    1.30412126
    2.44000000    1.30412136
    2.44500000    1.30412370
    2.45000000    1.30413310
    2.45500000    1.30414564
    2.46000000    1.30414888
    2.46500000    1.30413383
    2.47000000    1.30409883
    2.47500000    1.30405539
    2.48000000    1.30402090
    2.48500000    1.30400675
    2.49000000    1.30402311
    2.49500000    1.30406707
    2.50000000    1.30411914
    2.50500000    1.30416197
    2.51000000    1.30417495
    2.51500000    1.30415543
    2.52000000    1.30411945
    2.52500000    1.30408268
    2.53000000    1.30406180
    2.53500000    1.30406104
    2.54000000    1.30407226
    2.54500000    1.30408473
    2.55000000    1.30408529
    2.55500000    1.30407726
    2.56000000    1.30406923
    2.56500000    1.30406745
    2.57000000    1.30407945
    2.57500000    1.30410722
    2.58000000    1.30413747
    2.58500000    1.30415584
    2.59000000    1.30414713
    2.59500000    1.30410638
    2.60000000    1.30405154
    2.60500000    1.30400610
    2.61000000    1.30399657
    2.61500000    1.30403043
    2.62000000    1.30408593
    2.62500000    1.30413868
    2.63000000    1.30416291
    2.63500000    1.30414474
    2.64000000    1.30410238
    2.64500000    1.30405947
    2.65000000    1.30403462
    2.65500000    1.30404162
    2.66000000    1.30407154
    2.66500000    1.30410358
    2.67000000    1.30411874
    2.67500000    1.30410318
    2.68000000    1.30407102
    2.68500000    1.30404297
    2.69000000    1.30404189
    2.69500000    1.30407258
    2.70000000    1.30411493
    2.70500000    1.30415224
    2.71000000    1.30415991
    2.71500000    1.30412297
    2.72000000    1.30406688
    2.72500000    1.30401726
    2.73000000    1.30399549
    2.73500000    1.30401852
    2.74000000    1.30407439
    2.74500000    1.30413375
    2.75000000    1.30417338
    2.75500000    1.30416767
    2.76000000    1.30411942
    2.76500000    1.30406138
    2.77000000    1.30401778
    2.77500000    1.30401663
    2.78000000    1.30405408
    2.78500000    1.30410186
    2.79000000    1.30413682
    2.79500000    1.30413349
    2.80000000    1.30409199
    2.80500000    1.30404418
    2.81000000    1.30401593
    2.81500000    1.30402728
    2.82000000    1.30407959
    2.82500000    1.30413760
    2.83000000    1.30417216
    2.83500000    1.30415712
    2.84000000    1.30409499
    2.84500000    1.30402314
    2.85000000    1.30397340
    2.85500000    1.30397923
    2.86000000    1.30404440
    2.86500000    1.30413240
    2.87000000    1.30420230
    2.87500000    1.30420939
    2.88000000    1.30415009
    2.88500000    1.30405996
    2.89000000    1.30398162
    2.89500000    1.30396472
    2.90000000    1.30401548
    2.90500000    1.30409962
    2.91000000    1.30417608
    2.91500000    1.30419295
    2.92000000    1.30414586
    2.92500000    1.30407150
    2.93000000    1.30400475
    2.93500000    1.30398847
    2.94000000    1.30403626
    2.94500000    1.30411512
    2.95000000    1.30418320
    2.95500000    1.30419425
    2.96000000    1.30413339
    2.96500000    1.30403909
    2.97000000    1.30396095
    2.97500000    1.30394242
    2.98000000    1.30400666
    2.98500000    1.30411595
    2.99000000    1.30421171
    2.99500000    1.30424487
    3.00000000    1.30418281
    3.00500000    1.30406941
    3.01000000    1.30396064
    3.01500000    1.30391289
    3.02000000    1.30395808
    3.02500000    1.30407019
    3.03000000    1.30418611
    3.03500000    1.30424953
    3.04000000    1.30421475
    3.04500000    1.30410377
    3.05000000    1.30398766
    3.05500000    1.30392515
    3.06000000    1.30396289
    3.06500000    1.30407361
    3.07000000    1.30418734
    3.07500000    1.30424857
    3.08000000    1.30420639
    3.08500000    1.30408563
    3.09000000    1.30396498
    3.09500000    1.30390260
    3.10000000    1.30395272
    3.10500000    1.30408637
    3.11000000    1.30422169
    3.11500000    1.30429895
    3.12000000    1.30425477
    3.12500000    1.30410742
    3.13000000    1.30395215
    3.13500000    1.30385798
    3.14000000    1.30388405
    3.14500000    1.30402976
    3.15000000    1.30420170
    3.15500000    1.30432008
    3.16000000    1.30431045
    3.16500000    1.30416454
    3.17000000    1.30398926
    3.17500000    1.30385026
    3.18000000    1.30384908
    3.18500000    1.30399984
    3.19000000    1.30418679
    3.19500000    1.30428272
    3.20000000    1.30411301
    3.20500000    1.30300380
    3.21000000    1.29751527
    3.21500000    1.26739635
    3.22000000    1.06600904
    3.22500000    0.65203836
    3.23000000    0.51613004
    3.23500000    0.50129642
    3.24000000    0.50009092
    3.24500000    0.50000631
    3.25000000    0.50000044
    3.25500000    0.50000003
    3.26000000    0.50000000
    3.26500000    0.50000000
    3.27000000    0.50000000
    3.27500000    0.50000000
    3.28000000    0.50000000
    3.28500000    0.50000000
    3.29000000    0.50000000
    3.29500000    0.50000000
    3.30000000    0.50000000
    3.30500000    0.50000000
    3.31000000    0.50000000
    3.31500000    0.50000000
    3.32000000    0.50000000
    3.32500000    0.50000000
    3.33000000    0.50000000
    3.33500000    0.50000000
    3.34000000    0.50000000
    3.34500000    0.50000000
    3.35000000    0.50000000
    3.35500000    0.50000000
    3.36000000    0.50000000
    3.36500000    0.50000000
    3.37000000    0.50000000
    3.37500000    0.50000000
    3.38000000    0.50000000
    3.38500000    0.50000000
    3.39000000    0.50000000
    3.39500000    0.50000000
    3.40000000    0.50000000
    3.40500000    0.50000000
    3.41000000    0.50000000
    3.41500000    0.50000000
    3.42000000    0.50000000
    3.42500000    0.50000000
    3.43000000    0.50000000
    3.43500000    0.50000000
    3.44000000    0.50000000
    3.44500000    0.50000000
    3.45000000    0.50000000
    3.45500000    0.50000000
    3.46000000    0.50000000
    3.46500000    0.50000000
    3.47000000    0.50000000
    3.47500000    0.50000000
    3.48000000    0.50000000
    3.48500000    0.50000000
    3.49000000    0.50000000
    3.49500000    0.50000000
    3.50000000    0.50000000
    3.50500000    0.50000000
    3.51000000    0.50000000
    3.51500000    0.50000000
    3.52000000    0.50000000
    3.52500000    0.50000000
    3.53000000    0.50000000
    3.53500000    0.50000000
    3.54000000    0.50000000
    3.54500000    0.50000000
    3.55000000    0.50000000
    3.55500000    0.50000000
    3.56000000    0.50000000
    3.56500000    0.50000000
    3.57000000    0.50000000
    3.57500000    0.50000000
    3.58000000    0.50000000
    3.58500000    0.50000000
    3.59000000    0.50000000
    3.59500000    0.50000000
    3.60000000    0.50000000
    3.60500000    0.50000000
    3.61000000    0.50000000
    3.61500000    0.50000000
    3.62000000    0.50000000
    3.62500000    0.50000000
    3.63000000    0.50000000
    3.63500000    0.50000000
    3.64000000    0.50000000
    3.64500000    0.50000000
    3.65000000    0.50000000
    3.65500000    0.50000000
    3.66000000    0.50000000
    3.66500000    0.50000000
    3.67000000    0.50000000
    3.67500000    0.50000000
    3.68000000    0.50000000
    3.68500000    0.50000000
    3.69000000    0.50000000
    3.69500000    0.50000000
    3.70000000    0.50000000
    3.70500000    0.50000000
    3.71000000    0.50000000
    3.71500000    0.50000000
    3.72000000    0.50000000
    3.72500000    0.50000000
    3.73000000    0.50000000
    3.73500000    0.50000000
    3.74000000    0.50000000
    3.74500000    0.50000000
    3.75000000    0.50000000
    3.75500000    0.50000000
    3.76000000    0.50000000
    3.76500000    0.50000000
    3.77000000    0.50000000
    3.77500000    0.50000000
    3.78000000    0.50000000
    3.78500000    0.50000000
    3.79000000    0.50000000
    3.79500000    0.50000000
    3.80000000    0.50000000
    3.80500000    0.50000000
    3.81000000    0.50000000
    3.81500000    0.50000000
    3.82000000    0.50000000
    3.82500000    0.50000000
    3.83000000    0.50000000
    3.83500000    0.50000000
    3.84000000    0.50000000
    3.84500000    0.50000000
    3.85000000    0.50000000
    3.85500000    0.50000000
    3.86000000    0.50000000
    3.86500000    0.50000000
    3.87000000    0.50000000
    3.87500000    0.50000000
    3.88000000    0.50000000
    3.88500000    0.50000000
    3.89000000    0.50000000
    3.89500000    0.50000000
    3.90000000    0.50000000
    3.90500000    0.50000000
    3.91000000    0.50000000
    3.91500000    0.50000000
    3.92000000    0.50000000
    3.92500000    0.50000000
    3.93000000    0.50000000
    3.93500000    0.50000000
    3.94000000    0.50000000
    3.94500000    0.50000000
    3.95000000    0.50000000
    3.95500000    0.50000000
    3.96000000    0.50000000
    3.96500000    0.50000000
    3.97000000    0.50000000
    3.97500000    0.50000000
    3.98000000    0.50000000
    3.98500000    0.50000000
    3.99000000    0.50000000
    3.99500000    0.50000000
    4.00000000    0.50000000
    4.00500000    0.50000000
    4.01000000    0.50000000
    4.01500000    0.50000000
    4.02000000    0.50000000
    4.02500000    0.50000000
    4.03000000    0.50000000
    4.03500000    0.50000000
    4.04000000    0.50000000
    4.04500000    0.50000000
    4.05000000    0.50000000
    4.05500000    0.50000000
    4.06000000    0.50000000
    4.06500000    0.50000000
    4.07000000    0.50000000
    4.07500000    0.50000000
    4.08000000    0.50000000
    4.08500000    0.50000000
    4.09000000    0.50000000
    4.09500000    0.50000000
    4.10000000    0.50000000
    4.10500000    0.50000000
    4.11000000    0.50000000
    4.11500000    0.50000000
    4.12000000    0.50000000
    4.12500000    0.50000000
    4.13000000    0.50000000
    4.13500000    0.50000000
    4.14000000    0.50000000
    4.14500000    0.50000000
    4.15000000    0.50000000
    4.15500000    0.50000000
    4.16000000    0.50000000
    4.16500000    0.50000000
    4.17000000    0.50000000
    4.17500000    0.50000000
    4.18000000    0.50000000
    4.18500000    0.50000000
    4.19000000    0.50000000
    4.19500000    0.50000000
    4.20000000    0.50000000
    4.20500000    0.50000000
    4.21000000    0.50000000
    4.21500000    0.50000000
    4.22000000    0.50000000
    4.22500000    0.50000000
    4.23000000    0.50000000
    4.23500000    0.50000000
    4.24000000    0.50000000
    4.24500000    0.50000000
    4.25000000    0.50000000
    4.25500000    0.50000000
    4.26000000    0.50000000
    4.26500000    0.50000000
    4.27000000    0.50000000
    4.27500000    0.50000000
    4.28000000    0.50000000
    4.28500000    0.50000000
    4.29000000    0.50000000
    4.29500000    0.50000000
    4.30000000    0.50000000
    4.30500000    0.50000000
    4.31000000    0.50000000
    4.31500000    0.50000000
    4.32000000    0.50000000
    4.32500000    0.50000000
    4.33000000    0.50000000
    4.33500000    0.50000000
    4.34000000    0.50000000
    4.34500000    0.50000000
    4.35000000    0.50000000
    4.35500000    0.50000000
    4.36000000    0.50000000
    4.36500000    0.50000000
    4.37000000    0.50000000
    4.37500000    0.50000000
    4.38000000    0.50000000
    4.38500000    0.50000000
    4.39000000    0.50000000
    4.39500000    0.50000000
    4.40000000    0.50000000
    4.40500000    0.50000000
    4.41000000    0.50000000
    4.41500000    0.50000000
    4.42000000    0.50000000
    4.42500000    0.50000000
    4.43000000    0.50000000
    4.43500000    0.50000000
    4.44000000    0.50000000
    4.44500000    0.50000000
    4.45000000    0.50000000
    4.45500000    0.50000000
    4.46000000    0.50000000
    4.46500000    0.50000000
    4.47000000    0.50000000
    4.47500000    0.50000000
    4.48000000    0.50000000
    4.48500000    0.50000000
    4.49000000    0.50000000
    4.49500000    0.50000000
    4.50000000    0.50000000
    4.50500000    0.50000000
    4.51000000    0.50000000
    4.51500000    0.50000000
    4.52000000    0.50000000
    4.52500000    0.50000000
    4.53000000    0.50000000
    4.53500000    0.50000000
    4.54000000    0.50000000
    4.54500000    0.50000000
    4.55000000    0.50000000
    4.55500000    0.50000000
    4.56000000    0.50000000
    4.56500000    0.50000000
    4.57000000    0.50000000
    4.57500000    0.50000000
    4.58000000    0.50000000
    4.58500000    0.50000000
    4.59000000    0.50000000
    4.59500000    0.50000000
    4.60000000    0.50000000
    4.60500000    0.50000000
    4.61000000    0.50000000
    4.61500000    0.50000000
    4.62000000    0.50000000
    4.62500000    0.50000000
    4.63000000    0.50000000
    4.63500000    0.50000000
    4.64000000    0.50000000
    4.64500000    0.50000000
    4.65000000    0.50000000
    4.65500000    0.50000000
    4.66000000    0.50000000
    4.66500000    0.50000000
    4.67000000    0.50000000
    4.67500000    0.50000000
    4.68000000    0.50000000
    4.68500000    0.50000000
    4.69000000    0.50000000
    4.69500000    0.50000000
    4.70000000    0.50000000
    4.70500000    0.50000000
    4.71000000    0.50000000
    4.71500000    0.50000000
    4.72000000    0.50000000
    4.72500000    0.50000000
    4.73000000    0.50000000
    4.73500000    0.50000000
    4.74000000    0.50000000
    4.74500000    0.50000000
    4.75000000    0.50000000
    4.75500000    0.50000000
    4.76000000    0.50000000
    4.76500000    0.50000000
    4.77000000    0.50000000
    4.77500000    0.50000000
    4.78000000    0.50000000
    4.78500000    0.50000000
    4.79000000    0.50000000
    4.79500000    0.50000000
    4.80000000    0.50000000
    4.80500000    0.50000000
    4.81000000    0.50000000
    4.81500000    0.50000000
    4.82000000    0.50000000
    4.82500000    0.50000000
    4.83000000    0.50000000
    4.83500000    0.50000000
    4.84000000    0.50000000
    4.84500000    0.50000000
    4.85000000    0.50000000
    4.85500000    0.50000000
    4.86000000    0.50000000
    4.86500000    0.50000000
    4.87000000    0.50000000
    4.87500000    0.50000000
    4.88000000    0.50000000
    4.88500000    0.50000000
    4.89000000    0.50000000
    4.89500000    0.50000000
    4.90000000    0.50000000
    4.90500000    0.50000000
    4.91000000    0.50000000
    4.91500000    0.50000000
    4.92000000    0.50000000
    4.92500000    0.50000000
    4.93000000    0.50000000
    4.93500000    0.50000000
    4.94000000    0.50000000
    4.94500000    0.50000000
    4.95000000    0.50000000
    4.95500000    0.50000000
    4.96000000    0.50000000
    4.96500000    0.50000000
    4.97000000    0.50000000
    4.97500000    0.50000000
    4.98000000    0.50000000
    4.98500000    0.50000000
    4.99000000    0.50000000
    4.99500000    0.50000000
    5.00000000    0.50000000
