 variables = "x" "rho" 
   -5.00000000    0.44500000
   -4.97500000    0.44500000
   -4.95000000    0.44500000
   -4.92500000    0.44500000
   -4.90000000    0.44500000
   -4.87500000    0.44500000
   -4.85000000    0.44500000
   -4.82500000    0.44500000
   -4.80000000    0.44500000
   -4.77500000    0.44500000
   -4.75000000    0.44500000
   -4.72500000    0.44500000
   -4.70000000    0.44500000
   -4.67500000    0.44500000
   -4.65000000    0.44500000
   -4.62500000    0.44500000
   -4.60000000    0.44500000
   -4.57500000    0.44500000
   -4.55000000    0.44500000
   -4.52500000    0.44500000
   -4.50000000    0.44500000
   -4.47500000    0.44500000
   -4.45000000    0.44500000
   -4.42500000    0.44500000
   -4.40000000    0.44500000
   -4.37500000    0.44500000
   -4.35000000    0.44500000
   -4.32500000    0.44500000
   -4.30000000    0.44500000
   -4.27500000    0.44500000
   -4.25000000    0.44500000
   -4.22500000    0.44500000
   -4.20000000    0.44500000
   -4.17500000    0.44500000
   -4.15000000    0.44500000
   -4.12500000    0.44500000
   -4.10000000    0.44500000
   -4.07500000    0.44500000
   -4.05000000    0.44500000
   -4.02500000    0.44500000
   -4.00000000    0.44500000
   -3.97500000    0.44500000
   -3.95000000    0.44500000
   -3.92500000    0.44500000
   -3.90000000    0.44500000
   -3.87500000    0.44500000
   -3.85000000    0.44500000
   -3.82500000    0.44499999
   -3.80000000    0.44499997
   -3.77500000    0.44499990
   -3.75000000    0.44499972
   -3.72500000    0.44499928
   -3.70000000    0.44499819
   -3.67500000    0.44499567
   -3.65000000    0.44498987
   -3.62500000    0.44497688
   -3.60000000    0.44494860
   -3.57500000    0.44488907
   -3.55000000    0.44476873
   -3.52500000    0.44453251
   -3.50000000    0.44408233
   -3.47500000    0.44331716
   -3.45000000    0.44221806
   -3.42500000    0.44084065
   -3.40000000    0.43926046
   -3.37500000    0.43754370
   -3.35000000    0.43573854
   -3.32500000    0.43387637
   -3.30000000    0.43197676
   -3.27500000    0.43005204
   -3.25000000    0.42811034
   -3.22500000    0.42615733
   -3.20000000    0.42419705
   -3.17500000    0.42223259
   -3.15000000    0.42026619
   -3.12500000    0.41829969
   -3.10000000    0.41633441
   -3.07500000    0.41437152
   -3.05000000    0.41241180
   -3.02500000    0.41045599
   -3.00000000    0.40850460
   -2.97500000    0.40655804
   -2.95000000    0.40461668
   -2.92500000    0.40268073
   -2.90000000    0.40075049
   -2.87500000    0.39882614
   -2.85000000    0.39690783
   -2.82500000    0.39499605
   -2.80000000    0.39309052
   -2.77500000    0.39119251
   -2.75000000    0.38930080
   -2.72500000    0.38741808
   -2.70000000    0.38554152
   -2.67500000    0.38367579
   -2.65000000    0.38181582
   -2.62500000    0.37996877
   -2.60000000    0.37812672
   -2.57500000    0.37630002
   -2.55000000    0.37447731
   -2.52500000    0.37267312
   -2.50000000    0.37087196
   -2.47500000    0.36909286
   -2.45000000    0.36731576
   -2.42500000    0.36556179
   -2.40000000    0.36381027
   -2.37500000    0.36208075
   -2.35000000    0.36036696
   -2.32500000    0.35867195
   -2.30000000    0.35700842
   -2.27500000    0.35532622
   -2.25000000    0.35369390
   -2.22500000    0.35205175
   -2.20000000    0.35060342
   -2.17500000    0.34923663
   -2.15000000    0.34817983
   -2.12500000    0.34717148
   -2.10000000    0.34641166
   -2.07500000    0.34572159
   -2.05000000    0.34522382
   -2.02500000    0.34483575
   -2.00000000    0.34452949
   -1.97500000    0.34435843
   -1.95000000    0.34419946
   -1.92500000    0.34412581
   -1.90000000    0.34408702
   -1.87500000    0.34406029
   -1.85000000    0.34406542
   -1.82500000    0.34407105
   -1.80000000    0.34408053
   -1.77500000    0.34409648
   -1.75000000    0.34410419
   -1.72500000    0.34412413
   -1.70000000    0.34417162
   -1.67500000    0.34425599
   -1.65000000    0.34434784
   -1.62500000    0.34444083
   -1.60000000    0.34452749
   -1.57500000    0.34460822
   -1.55000000    0.34466042
   -1.52500000    0.34469627
   -1.50000000    0.34472315
   -1.47500000    0.34474124
   -1.45000000    0.34472876
   -1.42500000    0.34472970
   -1.40000000    0.34472902
   -1.37500000    0.34470142
   -1.35000000    0.34464971
   -1.32500000    0.34461030
   -1.30000000    0.34461112
   -1.27500000    0.34459436
   -1.25000000    0.34457631
   -1.22500000    0.34456930
   -1.20000000    0.34456360
   -1.17500000    0.34454520
   -1.15000000    0.34452076
   -1.12500000    0.34450528
   -1.10000000    0.34450450
   -1.07500000    0.34449355
   -1.05000000    0.34447298
   -1.02500000    0.34445007
   -1.00000000    0.34444174
   -0.97500000    0.34443213
   -0.95000000    0.34443165
   -0.92500000    0.34444822
   -0.90000000    0.34446893
   -0.87500000    0.34447946
   -0.85000000    0.34447939
   -0.82500000    0.34449068
   -0.80000000    0.34451836
   -0.77500000    0.34454637
   -0.75000000    0.34455200
   -0.72500000    0.34455793
   -0.70000000    0.34456299
   -0.67500000    0.34455899
   -0.65000000    0.34455986
   -0.62500000    0.34458120
   -0.60000000    0.34461014
   -0.57500000    0.34461787
   -0.55000000    0.34459138
   -0.52500000    0.34456727
   -0.50000000    0.34456731
   -0.47500000    0.34459356
   -0.45000000    0.34462570
   -0.42500000    0.34464025
   -0.40000000    0.34461247
   -0.37500000    0.34456833
   -0.35000000    0.34454903
   -0.32500000    0.34457945
   -0.30000000    0.34461524
   -0.27500000    0.34463058
   -0.25000000    0.34459638
   -0.22500000    0.34454245
   -0.20000000    0.34451379
   -0.17500000    0.34453824
   -0.15000000    0.34459424
   -0.12500000    0.34463244
   -0.10000000    0.34460139
   -0.07500000    0.34453098
   -0.05000000    0.34448592
   -0.02500000    0.34452257
    0.00000000    0.34459379
    0.02500000    0.34464353
    0.05000000    0.34461762
    0.07500000    0.34453940
    0.10000000    0.34447712
    0.12500000    0.34449236
    0.15000000    0.34456460
    0.17500000    0.34463036
    0.20000000    0.34463079
    0.22500000    0.34455326
    0.25000000    0.34447429
    0.27500000    0.34446239
    0.30000000    0.34454517
    0.32500000    0.34463294
    0.35000000    0.34464583
    0.37500000    0.34456400
    0.40000000    0.34447505
    0.42500000    0.34444756
    0.45000000    0.34453250
    0.47500000    0.34464058
    0.50000000    0.34468122
    0.52500000    0.34459417
    0.55000000    0.34447732
    0.57500000    0.34442230
    0.60000000    0.34450996
    0.62500000    0.34464284
    0.65000000    0.34470456
    0.67500000    0.34462809
    0.70000000    0.34450765
    0.72500000    0.34442824
    0.75000000    0.34448540
    0.77500000    0.34462635
    0.80000000    0.34472792
    0.82500000    0.34466702
    0.85000000    0.34448091
    0.87500000    0.34434793
    0.90000000    0.34440173
    0.92500000    0.34455568
    0.95000000    0.34467643
    0.97500000    0.34464146
    1.00000000    0.34449482
    1.02500000    0.34436822
    1.05000000    0.34437920
    1.07500000    0.34457499
    1.10000000    0.34477601
    1.12500000    0.34479177
    1.15000000    0.34456773
    1.17500000    0.34435074
    1.20000000    0.34435315
    1.22500000    0.34450871
    1.25000000    0.34467494
    1.27500000    0.34472188
    1.30000000    0.34454477
    1.32500000    0.34431937
    1.35000000    0.34423459
    1.37500000    0.34445470
    1.40000000    0.34476729
    1.42500000    0.34486581
    1.45000000    0.34466340
    1.47500000    0.34435523
    1.50000000    0.34420289
    1.52500000    0.34429894
    1.55000000    0.34449909
    1.57500000    0.34460226
    1.60000000    0.34441753
    1.62500000    0.34411785
    1.65000000    0.34393517
    1.67500000    0.34411703
    1.70000000    0.34439593
    1.72500000    0.34461650
    1.75000000    0.34456203
    1.77500000    0.34451115
    1.80000000    0.34480817
    1.82500000    0.34636237
    1.85000000    0.34995848
    1.87500000    0.35834656
    1.90000000    0.38088440
    1.92500000    0.43954039
    1.95000000    0.58926097
    1.97500000    0.82320313
    2.00000000    1.05250925
    2.02500000    1.19379766
    2.05000000    1.25024066
    2.07500000    1.27098308
    2.10000000    1.27763412
    2.12500000    1.28097938
    2.15000000    1.28434015
    2.17500000    1.29038411
    2.20000000    1.30059727
    2.22500000    1.30887485
    2.25000000    1.31042886
    2.27500000    1.30816285
    2.30000000    1.30424184
    2.32500000    1.30119608
    2.35000000    1.30062905
    2.37500000    1.30182895
    2.40000000    1.30371871
    2.42500000    1.30500319
    2.45000000    1.30537648
    2.47500000    1.30516236
    2.50000000    1.30464255
    2.52500000    1.30433307
    2.55000000    1.30421290
    2.57500000    1.30408967
    2.60000000    1.30379370
    2.62500000    1.30346824
    2.65000000    1.30341629
    2.67500000    1.30382859
    2.70000000    1.30456772
    2.72500000    1.30503425
    2.75000000    1.30478616
    2.77500000    1.30387536
    2.80000000    1.30290760
    2.82500000    1.30263264
    2.85000000    1.30327063
    2.87500000    1.30446954
    2.90000000    1.30556699
    2.92500000    1.30584872
    2.95000000    1.30498133
    2.97500000    1.30355528
    3.00000000    1.30249833
    3.02500000    1.30251590
    3.05000000    1.30341273
    3.07500000    1.30467485
    3.10000000    1.30541087
    3.12500000    1.30507895
    3.15000000    1.30345936
    3.17500000    1.29496436
    3.20000000    1.18009782
    3.22500000    0.70166990
    3.25000000    0.51542678
    3.27500000    0.50102833
    3.30000000    0.50005602
    3.32500000    0.50000302
    3.35000000    0.50000018
    3.37500000    0.50000000
    3.40000000    0.50000000
    3.42500000    0.50000000
    3.45000000    0.50000000
    3.47500000    0.50000000
    3.50000000    0.50000000
    3.52500000    0.50000000
    3.55000000    0.50000000
    3.57500000    0.50000000
    3.60000000    0.50000000
    3.62500000    0.50000000
    3.65000000    0.50000000
    3.67500000    0.50000000
    3.70000000    0.50000000
    3.72500000    0.50000000
    3.75000000    0.50000000
    3.77500000    0.50000000
    3.80000000    0.50000000
    3.82500000    0.50000000
    3.85000000    0.50000000
    3.87500000    0.50000000
    3.90000000    0.50000000
    3.92500000    0.50000000
    3.95000000    0.50000000
    3.97500000    0.50000000
    4.00000000    0.50000000
    4.02500000    0.50000000
    4.05000000    0.50000000
    4.07500000    0.50000000
    4.10000000    0.50000000
    4.12500000    0.50000000
    4.15000000    0.50000000
    4.17500000    0.50000000
    4.20000000    0.50000000
    4.22500000    0.50000000
    4.25000000    0.50000000
    4.27500000    0.50000000
    4.30000000    0.50000000
    4.32500000    0.50000000
    4.35000000    0.50000000
    4.37500000    0.50000000
    4.40000000    0.50000000
    4.42500000    0.50000000
    4.45000000    0.50000000
    4.47500000    0.50000000
    4.50000000    0.50000000
    4.52500000    0.50000000
    4.55000000    0.50000000
    4.57500000    0.50000000
    4.60000000    0.50000000
    4.62500000    0.50000000
    4.65000000    0.50000000
    4.67500000    0.50000000
    4.70000000    0.50000000
    4.72500000    0.50000000
    4.75000000    0.50000000
    4.77500000    0.50000000
    4.80000000    0.50000000
    4.82500000    0.50000000
    4.85000000    0.50000000
    4.87500000    0.50000000
    4.90000000    0.50000000
    4.92500000    0.50000000
    4.95000000    0.50000000
    4.97500000    0.50000000
    5.00000000    0.50000000
