 variables = "x" "rho" 
   -5.00000000    0.44500000
   -4.97500000    0.44500000
   -4.95000000    0.44500000
   -4.92500000    0.44500000
   -4.90000000    0.44500000
   -4.87500000    0.44500000
   -4.85000000    0.44500000
   -4.82500000    0.44500000
   -4.80000000    0.44500000
   -4.77500000    0.44500000
   -4.75000000    0.44500000
   -4.72500000    0.44500000
   -4.70000000    0.44500000
   -4.67500000    0.44500000
   -4.65000000    0.44500000
   -4.62500000    0.44500000
   -4.60000000    0.44500000
   -4.57500000    0.44500000
   -4.55000000    0.44500000
   -4.52500000    0.44500000
   -4.50000000    0.44500000
   -4.47500000    0.44500000
   -4.45000000    0.44500000
   -4.42500000    0.44500000
   -4.40000000    0.44500000
   -4.37500000    0.44500000
   -4.35000000    0.44500000
   -4.32500000    0.44500000
   -4.30000000    0.44500000
   -4.27500000    0.44500000
   -4.25000000    0.44500000
   -4.22500000    0.44500000
   -4.20000000    0.44500000
   -4.17500000    0.44500000
   -4.15000000    0.44500000
   -4.12500000    0.44500000
   -4.10000000    0.44500000
   -4.07500000    0.44500000
   -4.05000000    0.44500000
   -4.02500000    0.44500000
   -4.00000000    0.44500000
   -3.97500000    0.44500000
   -3.95000000    0.44500000
   -3.92500000    0.44500000
   -3.90000000    0.44500000
   -3.87500000    0.44500000
   -3.85000000    0.44499998
   -3.82500000    0.44499995
   -3.80000000    0.44499986
   -3.77500000    0.44499964
   -3.75000000    0.44499914
   -3.72500000    0.44499801
   -3.70000000    0.44499553
   -3.67500000    0.44499022
   -3.65000000    0.44497905
   -3.62500000    0.44495615
   -3.60000000    0.44491067
   -3.57500000    0.44482342
   -3.55000000    0.44466048
   -3.52500000    0.44436006
   -3.50000000    0.44382946
   -3.47500000    0.44300077
   -3.45000000    0.44187647
   -3.42500000    0.44050521
   -3.40000000    0.43894782
   -3.37500000    0.43725901
   -3.35000000    0.43548079
   -3.32500000    0.43364238
   -3.30000000    0.43176309
   -3.27500000    0.42985559
   -3.25000000    0.42792840
   -3.22500000    0.42598750
   -3.20000000    0.42403731
   -3.17500000    0.42208116
   -3.15000000    0.42012165
   -3.12500000    0.41816084
   -3.10000000    0.41620040
   -3.07500000    0.41424171
   -3.05000000    0.41228594
   -3.02500000    0.41033407
   -3.00000000    0.40838700
   -2.97500000    0.40644550
   -2.95000000    0.40451026
   -2.92500000    0.40258191
   -2.90000000    0.40066104
   -2.87500000    0.39874815
   -2.85000000    0.39684374
   -2.82500000    0.39494824
   -2.80000000    0.39306208
   -2.77500000    0.39118572
   -2.75000000    0.38931962
   -2.72500000    0.38746435
   -2.70000000    0.38562061
   -2.67500000    0.38378927
   -2.65000000    0.38197135
   -2.62500000    0.38016803
   -2.60000000    0.37838052
   -2.57500000    0.37660990
   -2.55000000    0.37485681
   -2.52500000    0.37312110
   -2.50000000    0.37140157
   -2.47500000    0.36969568
   -2.45000000    0.36799961
   -2.42500000    0.36630870
   -2.40000000    0.36461821
   -2.37500000    0.36292443
   -2.35000000    0.36122587
   -2.32500000    0.35952412
   -2.30000000    0.35782418
   -2.27500000    0.35613402
   -2.25000000    0.35446351
   -2.22500000    0.35282345
   -2.20000000    0.35122748
   -2.17500000    0.34969485
   -2.15000000    0.34826284
   -2.12500000    0.34699179
   -2.10000000    0.34595207
   -2.07500000    0.34523861
   -2.05000000    0.34471120
   -2.02500000    0.34434502
   -2.00000000    0.34412783
   -1.97500000    0.34390402
   -1.95000000    0.34375018
   -1.92500000    0.34365476
   -1.90000000    0.34359059
   -1.87500000    0.34356369
   -1.85000000    0.34352682
   -1.82500000    0.34353357
   -1.80000000    0.34356773
   -1.77500000    0.34361097
   -1.75000000    0.34365374
   -1.72500000    0.34369980
   -1.70000000    0.34374418
   -1.67500000    0.34378398
   -1.65000000    0.34383987
   -1.62500000    0.34393468
   -1.60000000    0.34405310
   -1.57500000    0.34416027
   -1.55000000    0.34424050
   -1.52500000    0.34431627
   -1.50000000    0.34439840
   -1.47500000    0.34450026
   -1.45000000    0.34461942
   -1.42500000    0.34472774
   -1.40000000    0.34480915
   -1.37500000    0.34483952
   -1.35000000    0.34484759
   -1.32500000    0.34486698
   -1.30000000    0.34485247
   -1.27500000    0.34482362
   -1.25000000    0.34479008
   -1.22500000    0.34475653
   -1.20000000    0.34471067
   -1.17500000    0.34465615
   -1.15000000    0.34461249
   -1.12500000    0.34458970
   -1.10000000    0.34457891
   -1.07500000    0.34455188
   -1.05000000    0.34453939
   -1.02500000    0.34453476
   -1.00000000    0.34452487
   -0.97500000    0.34451424
   -0.95000000    0.34450348
   -0.92500000    0.34448534
   -0.90000000    0.34446364
   -0.87500000    0.34445393
   -0.85000000    0.34444506
   -0.82500000    0.34444068
   -0.80000000    0.34444613
   -0.77500000    0.34445224
   -0.75000000    0.34445542
   -0.72500000    0.34445757
   -0.70000000    0.34446114
   -0.67500000    0.34446862
   -0.65000000    0.34448275
   -0.62500000    0.34449937
   -0.60000000    0.34451501
   -0.57500000    0.34452726
   -0.55000000    0.34453781
   -0.52500000    0.34454750
   -0.50000000    0.34455968
   -0.47500000    0.34457530
   -0.45000000    0.34458945
   -0.42500000    0.34459590
   -0.40000000    0.34459126
   -0.37500000    0.34458242
   -0.35000000    0.34457385
   -0.32500000    0.34456856
   -0.30000000    0.34457408
   -0.27500000    0.34458949
   -0.25000000    0.34460412
   -0.22500000    0.34460697
   -0.20000000    0.34459045
   -0.17500000    0.34457016
   -0.15000000    0.34455931
   -0.12500000    0.34457021
   -0.10000000    0.34458907
   -0.07500000    0.34460618
   -0.05000000    0.34460962
   -0.02500000    0.34458662
    0.00000000    0.34454998
    0.02500000    0.34452749
    0.05000000    0.34454161
    0.07500000    0.34457495
    0.10000000    0.34460498
    0.12500000    0.34460959
    0.15000000    0.34458618
    0.17500000    0.34455583
    0.20000000    0.34453688
    0.22500000    0.34454359
    0.25000000    0.34456998
    0.27500000    0.34459649
    0.30000000    0.34460682
    0.32500000    0.34458503
    0.35000000    0.34454802
    0.37500000    0.34451845
    0.40000000    0.34452195
    0.42500000    0.34455187
    0.45000000    0.34458936
    0.47500000    0.34461027
    0.50000000    0.34458918
    0.52500000    0.34453996
    0.55000000    0.34449860
    0.57500000    0.34450171
    0.60000000    0.34454969
    0.62500000    0.34460364
    0.65000000    0.34462542
    0.67500000    0.34458770
    0.70000000    0.34452635
    0.72500000    0.34448423
    0.75000000    0.34449878
    0.77500000    0.34454854
    0.80000000    0.34460067
    0.82500000    0.34461146
    0.85000000    0.34458308
    0.87500000    0.34453206
    0.90000000    0.34449138
    0.92500000    0.34450004
    0.95000000    0.34456178
    0.97500000    0.34462945
    1.00000000    0.34465849
    1.02500000    0.34460794
    1.05000000    0.34451753
    1.07500000    0.34445533
    1.10000000    0.34448640
    1.12500000    0.34458487
    1.15000000    0.34467515
    1.17500000    0.34467888
    1.20000000    0.34460299
    1.22500000    0.34450614
    1.25000000    0.34444586
    1.27500000    0.34449368
    1.30000000    0.34461446
    1.32500000    0.34471395
    1.35000000    0.34469945
    1.37500000    0.34457129
    1.40000000    0.34441915
    1.42500000    0.34434102
    1.45000000    0.34437701
    1.47500000    0.34444915
    1.50000000    0.34450509
    1.52500000    0.34445076
    1.55000000    0.34428585
    1.57500000    0.34410363
    1.60000000    0.34403013
    1.62500000    0.34414855
    1.65000000    0.34432227
    1.67500000    0.34441477
    1.70000000    0.34433823
    1.72500000    0.34415186
    1.75000000    0.34417075
    1.77500000    0.34450354
    1.80000000    0.34560186
    1.82500000    0.34792811
    1.85000000    0.35262860
    1.87500000    0.36381563
    1.90000000    0.39087139
    1.92500000    0.45548441
    1.95000000    0.60023000
    1.97500000    0.81586157
    2.00000000    1.03188465
    2.02500000    1.18107975
    2.05000000    1.24689378
    2.07500000    1.26994877
    2.10000000    1.27729581
    2.12500000    1.27988319
    2.15000000    1.28137489
    2.17500000    1.28294119
    2.20000000    1.28579101
    2.22500000    1.29291427
    2.25000000    1.30223406
    2.27500000    1.30860978
    2.30000000    1.31005711
    2.32500000    1.30871033
    2.35000000    1.30586907
    2.37500000    1.30265937
    2.40000000    1.30039076
    2.42500000    1.29986236
    2.45000000    1.30067702
    2.47500000    1.30230672
    2.50000000    1.30425905
    2.52500000    1.30585697
    2.55000000    1.30643860
    2.57500000    1.30611149
    2.60000000    1.30523453
    2.62500000    1.30414444
    2.65000000    1.30325572
    2.67500000    1.30293988
    2.70000000    1.30315694
    2.72500000    1.30367554
    2.75000000    1.30427150
    2.77500000    1.30469059
    2.80000000    1.30472714
    2.82500000    1.30446800
    2.85000000    1.30404722
    2.87500000    1.30362003
    2.90000000    1.30336340
    2.92500000    1.30341633
    2.95000000    1.30374026
    2.97500000    1.30422959
    3.00000000    1.30463520
    3.02500000    1.30463072
    3.05000000    1.30442071
    3.07500000    1.30416775
    3.10000000    1.30381504
    3.12500000    1.30297977
    3.15000000    1.29962269
    3.17500000    1.28184926
    3.20000000    1.16738074
    3.22500000    0.75858902
    3.25000000    0.53177178
    3.27500000    0.50287022
    3.30000000    0.50020473
    3.32500000    0.50001419
    3.35000000    0.50000099
    3.37500000    0.50000008
    3.40000000    0.50000000
    3.42500000    0.50000000
    3.45000000    0.50000000
    3.47500000    0.50000000
    3.50000000    0.50000000
    3.52500000    0.50000000
    3.55000000    0.50000000
    3.57500000    0.50000000
    3.60000000    0.50000000
    3.62500000    0.50000000
    3.65000000    0.50000000
    3.67500000    0.50000000
    3.70000000    0.50000000
    3.72500000    0.50000000
    3.75000000    0.50000000
    3.77500000    0.50000000
    3.80000000    0.50000000
    3.82500000    0.50000000
    3.85000000    0.50000000
    3.87500000    0.50000000
    3.90000000    0.50000000
    3.92500000    0.50000000
    3.95000000    0.50000000
    3.97500000    0.50000000
    4.00000000    0.50000000
    4.02500000    0.50000000
    4.05000000    0.50000000
    4.07500000    0.50000000
    4.10000000    0.50000000
    4.12500000    0.50000000
    4.15000000    0.50000000
    4.17500000    0.50000000
    4.20000000    0.50000000
    4.22500000    0.50000000
    4.25000000    0.50000000
    4.27500000    0.50000000
    4.30000000    0.50000000
    4.32500000    0.50000000
    4.35000000    0.50000000
    4.37500000    0.50000000
    4.40000000    0.50000000
    4.42500000    0.50000000
    4.45000000    0.50000000
    4.47500000    0.50000000
    4.50000000    0.50000000
    4.52500000    0.50000000
    4.55000000    0.50000000
    4.57500000    0.50000000
    4.60000000    0.50000000
    4.62500000    0.50000000
    4.65000000    0.50000000
    4.67500000    0.50000000
    4.70000000    0.50000000
    4.72500000    0.50000000
    4.75000000    0.50000000
    4.77500000    0.50000000
    4.80000000    0.50000000
    4.82500000    0.50000000
    4.85000000    0.50000000
    4.87500000    0.50000000
    4.90000000    0.50000000
    4.92500000    0.50000000
    4.95000000    0.50000000
    4.97500000    0.50000000
    5.00000000    0.50000000
